Depth [$\mu$m]
Electric Field [V/cm]

10	23479.6
15	24155.7
20	24586.4
25	24773
30	24729.4
35	24479.6
40	24054.5
45	23488
50	22814.8
55	22067
60	21273.5
65	20458.7
70	19642.5
75	18840.7
80	18064.9
85	17323.9
90	16623.5
95	15967.7
100	15358.7
105	14797.5
110	14284.4
115	13819.1
120	13400.7
125	13028.4
130	12701.2
135	12418.1
140	12178.2
145	11980.8
150	11825.3
155	11711.6
160	11639.6
165	11609.6
170	11622.4
175	11679.1
180	11781.2
185	11930.8
190	12130.5
195	12383.8
200	12694.7
205	13068.4
210	13511.2
215	14030.7
220	14636.4
225	15339.7
230	16154.9
235	17099.7
240	18196.2
245	19472.4
250	20964.1
255	22717.8
260	24794.7
265	27277.1
270	30277.8
275	33956

R380947_L1U green solid

10	30380.2
15	30858.1
20	30986.2
25	30784.7
30	30290.7
35	29552.2
40	28622.4
45	27554.3
50	26396.6
55	25191.5
60	23973.7
65	22770.2
70	21601.3
75	20481.2
80	19419.4
85	18421.7
90	17490.8
95	16627.6
100	15831.3
105	15100.3
110	14432.3
115	13824.7
120	13274.9
125	12780.2
130	12338
135	11946
140	11602
145	11304.4
150	11051.7
155	10842.7
160	10676.7
165	10553.5
170	10473.1
175	10436
180	10443.6
185	10497.4
190	10599.9
195	10754.5
200	10965.4
205	11238
210	11579.6
215	11998.9
220	12507.6
225	13120.5
230	13856.9
235	14742.2
240	15810.5
245	17108.6
250	18701.6
255	20684
260	23196.7
265	26460.3
270	30840.1
275	36987.7



R380947_L1F green dashed


10	32832.3
15	32487.1
20	32050.8
25	31529.2
30	30929.2
35	30259.1
40	29528
45	28745.8
50	27922.3
55	27067.5
60	26190.8
65	25301.2
70	24407.1
75	23515.8
80	22634
85	21767.2
90	20920.2
95	20097
100	19300.6
105	18533.5
110	17797.3
115	17093.3
120	16422.2
125	15784.3
130	15179.5
135	14607.5
140	14067.7
145	13559.5
150	13081.8
155	12633.7
160	12214.1
165	11821.9
170	11455.8
175	11114.7
180	10797.1
185	10501.8
190	10227.5
195	9972.7
200	9735.98
205	9515.85
210	9310.73
215	9118.97
220	8938.83
225	8768.44
230	8605.83
235	8448.88
240	8295.33
245	8142.77
250	7988.65
255	7830.29
260	7664.89
265	7489.6
270	7301.55
275	7097.92

dj0310f blue solid

10	32941.7
15	32408.9
20	31819.9
25	31179.8
30	30494.1
35	29768.8
40	29010
45	28224.1
50	27417.3
55	26595.6
60	25764.9
65	24930.7
70	24098
75	23271.3
80	22454.8
85	21652.1
90	20866.1
95	20099.6
100	19354.6
105	18632.8
110	17935.7
115	17264.1
120	16618.7
125	16000
130	15408
135	14842.9
140	14304.2
145	13791.8
150	13305
155	12843.5
160	12406.4
165	11993.2
170	11603.1
175	11235.4
180	10889.2
185	10563.9
190	10258.4
195	9972.17
200	9704.25
205	9453.85
210	9220.15
215	9002.32
220	8799.53
225	8610.91
230	8435.61
235	8272.71
240	8121.31
245	7980.42
250	7849.03
255	7726.06
260	7610.38
265	7500.76
270	7395.89
275	7294.39


dj0310f blue dashed


10	20733.6
15	20922.2
20	20973
25	20897.8
30	20711.8
35	20432.7
40	20078.7
45	19668.1
50	19217.7
55	18743.1
60	18257.5
65	17772.2
70	17296.6
75	16838.1
80	16402.5
85	15994.2
90	15616.4
95	15271.5
100	14961
105	14685.7
110	14446.3
115	14242.8
120	14075.1
125	13943.1
130	13846.2
135	13784.1
140	13756
145	13761.5
150	13799.7
155	13870
160	13971.6
165	14103.4
170	14264.4
175	14453.4
180	14668.9
185	14909.2
190	15172.3
195	15455.8
200	15756.9
205	16072.7
210	16399.3
215	16732.9
220	17069
225	17402.8
230	17729.4
235	18043.5
240	18340
245	18614.3
250	18862
255	19079.6
260	19264.9
265	19416.7
270	19535.6
275	19624


dj0192g_u red solid

10	25237.9
15	24223.6
20	23282.3
25	22408.5
30	21597.8
35	20845.9
40	20148.8
45	19503.1
50	18905.6
55	18353.4
60	17843.8
65	17374.5
70	16943.4
75	16548.4
80	16187.7
85	15859.9
90	15563.4
95	15297
100	15059.5
105	14849.9
110	14667.3
115	14510.9
120	14379.9
125	14273.9
130	14192.2
135	14134.5
140	14100.3
145	14089.5
150	14101.6
155	14136.5
160	14194.1
165	14274.2
170	14376.7
175	14501.3
180	14648
185	14816.5
190	15006.5
195	15217.6
200	15449.2
205	15700.7
210	15970.9
215	16258.7
220	16562.3
225	16879.8
230	17208.4
235	17545.1
240	17885.9
245	18226.3
250	18560.6
255	18882.6
260	19185.1
265	19459.8
270	19697.9
275	19889.7

dj0192g_f red dashed


2.850000e+02 4.423177e+01
2.847217e+02 4.241664e+02
2.844434e+02 1.424063e+03
2.843042e+02 7.324977e+03
2.841650e+02 1.571956e+04
2.840259e+02 1.965714e+04
2.838867e+02 1.986028e+04
2.837476e+02 1.985171e+04
2.836084e+02 1.982837e+04
2.833301e+02 1.978810e+04
2.827734e+02 1.963441e+04
2.805469e+02 1.928918e+04
2.760938e+02 1.881024e+04
2.716406e+02 1.816998e+04
2.671875e+02 1.754735e+04
2.627344e+02 1.694741e+04
2.582812e+02 1.610112e+04
2.493750e+02 1.532200e+04
2.404688e+02 1.436728e+04
2.315625e+02 1.351683e+04
2.226562e+02 1.277433e+04
2.137500e+02 1.214402e+04
2.048438e+02 1.163048e+04
1.959375e+02 1.123839e+04
1.870312e+02 1.097221e+04
1.781250e+02 1.083579e+04
1.692188e+02 1.083198e+04
1.603125e+02 1.096241e+04
1.514062e+02 1.122724e+04
1.425000e+02 1.162527e+04
1.335938e+02 1.215404e+04
1.246875e+02 1.281017e+04
1.157812e+02 1.358974e+04
1.068750e+02 1.448860e+04
9.796875e+01 1.550277e+04
8.906250e+01 1.662857e+04
8.015625e+01 1.786286e+04
7.125000e+01 1.920305e+04
6.234375e+01 2.064718e+04
5.343750e+01 2.219384e+04
4.453125e+01 2.384220e+04
3.562500e+01 2.559191e+04
2.671875e+01 2.696371e+04
2.226562e+01 2.839365e+04
1.781250e+01 2.937916e+04
1.335938e+01 3.038661e+04
8.906250e+00 3.140234e+04
4.453125e+00 3.213426e+04
2.226562e+00 3.262519e+04
1.669922e+00 3.280780e+04
1.391602e+00 3.285056e+04
1.252441e+00 3.287344e+04
1.113281e+00 3.288353e+04
9.741211e-01 3.257521e+04
8.349609e-01 2.644488e+04
6.958008e-01 1.167462e+04
5.566406e-01 1.442133e+03
2.783203e-01 4.227863e+02

dj0305d orange dashed


10	29330.9
15	28687.8
20	27972.4
25	27196.8
30	26373.6
35	25515.7
40	24635.1
45	23743.2
50	22850.6
55	21966.6
60	21099
65	20254.8
70	19439.5
75	18657.5
80	17912.4
85	17206.6
90	16542.2
95	15920.1
100	15341.1
105	14805.5
110	14313.3
115	13864.2
120	13457.9
125	13093.8
130	12771.4
135	12490.2
140	12249.7
145	12049.5
150	11889.2
155	11768.5
160	11687.2
165	11645
170	11641.8
175	11677.5
180	11751.6
185	11863.8
190	12013.1
195	12198.3
200	12417.4
205	12667.4
210	12943.8
215	13240.5
220	13549.2
225	13858.6
230	14154.3
235	14418.4
240	14629.2
245	14762
250	14790.2
255	14687
260	14428.7
265	13997.9
270	13386.9
275	12600

dj0305d_L1F violet dashed

10	27159
15	27150
20	26907.8
25	26464.4
30	25857.2
35	25124.8
40	24304.8
45	23430.4
50	22530.5
55	21628.4
60	20742.3
65	19885.9
70	19068.7
75	18297.3
80	17575.5
85	16905.2
90	16287
95	15720.2
100	15203.5
105	14735
110	14312.7
115	13934.2
120	13597.2
125	13299.3
130	13038.1
135	12811.3
140	12616.9
145	12452.7
150	12316.7
155	12207.3
160	12122.6
165	12061.1
170	12021.6
175	12002.8
180	12003.7
185	12023.7
190	12062.3
195	12119.6
200	12196
205	12292.4
210	12410.4
215	12552.5
220	12722.1
225	12923.9
230	13164.1
235	13451
240	13795.4
245	14211.9
250	14719.8
255	15345.2
260	16124.2
265	17108.5
270	18373.7
275	20035.6

dj0305d_L1U violet solid
