Depth [$\mu$m]
Electric Field [V/cm]

10	23479.6
15	24155.7
20	24586.4
25	24773
30	24729.4
35	24479.6
40	24054.5
45	23488
50	22814.8
55	22067
60	21273.5
65	20458.7
70	19642.5
75	18840.7
80	18064.9
85	17323.9
90	16623.5
95	15967.7
100	15358.7
105	14797.5
110	14284.4
115	13819.1
120	13400.7
125	13028.4
130	12701.2
135	12418.1
140	12178.2
145	11980.8
150	11825.3
155	11711.6
160	11639.6
165	11609.6
170	11622.4
175	11679.1
180	11781.2
185	11930.8
190	12130.5
195	12383.8
200	12694.7
205	13068.4
210	13511.2
215	14030.7
220	14636.4
225	15339.7
230	16154.9
235	17099.7
240	18196.2
245	19472.4
250	20964.1
255	22717.8
260	24794.7
265	27277.1
270	30277.8
275	33956

R380947_L1U green solid

10	30380.2
15	30858.1
20	30986.2
25	30784.7
30	30290.7
35	29552.2
40	28622.4
45	27554.3
50	26396.6
55	25191.5
60	23973.7
65	22770.2
70	21601.3
75	20481.2
80	19419.4
85	18421.7
90	17490.8
95	16627.6
100	15831.3
105	15100.3
110	14432.3
115	13824.7
120	13274.9
125	12780.2
130	12338
135	11946
140	11602
145	11304.4
150	11051.7
155	10842.7
160	10676.7
165	10553.5
170	10473.1
175	10436
180	10443.6
185	10497.4
190	10599.9
195	10754.5
200	10965.4
205	11238
210	11579.6
215	11998.9
220	12507.6
225	13120.5
230	13856.9
235	14742.2
240	15810.5
245	17108.6
250	18701.6
255	20684
260	23196.7
265	26460.3
270	30840.1
275	36987.7



R380947_L1F green dashed


10	21214.1
15	21452
20	21513.5
25	21415.2
30	21179.3
35	20831.2
40	20396.7
45	19900.8
50	19366.1
55	18812.3
60	18255.7
65	17709.5
70	17183.9
75	16686.6
80	16223.1
85	15797.3
90	15411.7
95	15067.4
100	14765.2
105	14505
110	14286.3
115	14108.3
120	13969.9
125	13870
130	13807.3
135	13780.3
140	13787.4
145	13827
150	13897.4
155	13996.6
160	14122.7
165	14273.3
170	14446.1
175	14638.5
180	14847.9
185	15071.5
190	15306.3
195	15549.5
200	15798.4
205	16050.6
210	16304.4
215	16558.4
220	16812.7
225	17068.2
230	17328
235	17596.8
240	17881.8
245	18193.6
250	18546.2
255	18958.6
260	19456.2
265	20073.2
270	20856.5
275	21872.4

dj0192g_475 blue solid

10	25717.2
15	24616.6
20	23601.9
25	22665.9
30	21802.4
35	21005.7
40	20270.8
45	19593.2
50	18968.9
55	18394.3
60	17866.2
65	17381.8
70	16938.5
75	16533.9
80	16165.9
85	15832.8
90	15532.9
95	15264.7
100	15026.9
105	14818.4
110	14638.1
115	14485.1
120	14358.7
125	14258.2
130	14183
135	14132.5
140	14106.4
145	14104.2
150	14125.6
155	14170.3
160	14237.9
165	14328.2
170	14440.8
175	14575.4
180	14731.3
185	14908.1
190	15105
195	15320.9
200	15554.7
205	15804.7
210	16069
215	16345.2
220	16630.3
225	16920.5
230	17211.5
235	17498.2
240	17774.4
245	18033.3
250	18267
255	18466.9
260	18623.7
265	18727.6
270	18768.7
275	18737.6

dj0192g_475 blue dashed


10	24724.1
15	28019.1
20	30579.8
25	32214
30	32898.8
35	32760.1
40	32005.8
45	30856.4
50	29499.4
55	28072.8
60	26667.1
65	25335.1
70	24102.7
75	22978.3
80	21959.7
85	21038.8
90	20204.2
95	19443.6
100	18744.7
105	18095.9
110	17487
115	16908.8
120	16354.1
125	15817.1
130	15293.7
135	14781.1
140	14278.2
145	13784.7
150	13301.8
155	12831
160	12374.5
165	11934.9
170	11514.9
175	11117
180	10743.7
185	10397.1
190	10079
195	9790.63
200	9532.91
205	9306.04
210	9109.57
215	8942.32
220	8802.14
225	8685.77
230	8588.55
235	8504.14
240	8424.17
245	8337.96
250	8232.31
255	8091.61
260	7898.28
265	7633.92
270	7281.18
275	6826.29

dj0310f_475 red solid


10	21255.9
15	24343
20	26512.9
25	27591.7
30	27654.4
35	26947.4
40	25765.4
45	24362.6
50	22918.4
55	21541.8
60	20289.1
65	19182.5
70	18223.9
75	17404.5
80	16710.4
85	16125.5
90	15633.7
95	15219.3
100	14867.7
105	14565.6
110	14301.1
115	14063.9
120	13845.2
125	13637.8
130	13436.5
135	13237.8
140	13039.9
145	12842.9
150	12648.3
155	12459.2
160	12279.7
165	12114.9
170	11970.5
175	11852.8
180	11768.3
185	11723.7
190	11725.6
195	11780.6
200	11895.1
205	12074.9
210	12325
215	12648.4
220	13045.8
225	13512.7
230	14037.1
235	14595.3
240	15146.9
245	15629.7
250	15956.8
255	16020.6
260	15708.8
265	14934.1
270	13670.9
275	11978.5

dj0305d_475 magenta solid

10	28867.4
15	28254.3
20	27584
25	26865.8
30	26109.2
35	25323.8
40	24518.9
45	23703.5
50	22885.7
55	22072.9
60	21271.8
65	20488
70	19726.3
75	18990.9
80	18284.8
85	17610.8
90	16970.7
95	16365.9
100	15797.5
105	15266.1
110	14771.9
115	14315.1
120	13895.5
125	13513.1
130	13167.4
135	12858.2
140	12585.3
145	12348.2
150	12146.7
155	11980.7
160	11849.9
165	11754.4
170	11694
175	11668.9
180	11679.2
185	11724.9
190	11806
195	11922.6
200	12074.4
205	12260.8
210	12480.8
215	12732.7
220	13014.1
225	13321.1
230	13648.5
235	13988.8
240	14332.2
245	14666.3
250	14974.9
255	15238.9
260	15436
265	15541.4
270	15529.6
275	15376.4

dj0305d_475 magenta dashed

