
Run 3 Studies

BOR

  BPix
Layer  Bias    Model  clusters   temp                   Best Tune                        2D
 1p/m  375V  dj0260a   89206     0070  2000. 2000. 0.073 0.080 0.08 350. 1 1.0000  69.00
 1p/m  375V  dj0260a   89206     0071  1300. 1300. 0.073 0.080 0.08 350. 1 1.0000  69.00
 2p/m  325V  dj0198a   87207     1513  1600. 1600. 0.073 0.080 0.08 350. 1 1.0000  74.76 *
 3p/m  250V  dj0100b   86607     1721  1400. 1800. 0.073 0.080 0.08 350. 1 1.0000  88.02 *
 4p/m  250V  dj0070a   77213     7731  1600. 1600. 0.073 0.080 0.08 350. 1 1.0000  88.42

 21    300V  dj0100b   87637     1841  1300. 4200. 0.073 0.080 0.08 350. 1 1.1920 21.48 -14.94
 11    300V  dj0198a   87767     1951  1200. 3500. 0.073 0.080 0.08 350. 1 1.1105  6.94 -33.50
 12    300V  dj0198a   87897     1961  1200. 3500. 0.073 0.080 0.08 350. 1 1.1137 11.78 -30.00
 22    300V  dj0100b   88027     1871  1300. 4200. 0.073 0.080 0.08 350. 1 1.1953 23.28  -9.84

EOR

Layer  Bias    Model   clusters   temp                   Best Tune                        2D
1p/m   600V  dj0599aX23 92706     0058  2000. 2000. 0.073 0.080 0.08 350. 1 1.000  48.95
1p/m   600V  dj0599aX23 92706     0059  1300. 1300. 0.073 0.080 0.08 350. 1 1.000  48.95
1p/m   800V  dj0599aX23 93006     0060  2000. 2000. 0.073 0.080 0.08 350. 1 1.000  38.77
1p/m   800V  dj0599aX23 93006     0061  1300. 1300. 0.073 0.080 0.08 350. 1 1.000  38.77
2p/m   450V  dj0599a    84306     0062  1600. 1600. 0.073 0.080 0.08 350. 1 1.000  59.42
3p/m   350V  dj0300a    65206     0063  1600. 1600. 0.073 0.080 0.08 350. 1 1.000  73.72
4p/m   300V  dj180c     85206     0064  1600. 1600. 0.073 0.080 0.08 350. 1 1.000  73.50

 21    350V  dj0300a    94336     0067  1600. 1600. 0.073 0.080 0.08 350. 1 1.  23.67   -8.26
 11    450V  dj0599a    94467     0065  1600. 1600. 0.073 0.080 0.08 350. 1 1.  16.08  -18.31
 12    450V  dj0599a    94696     0066  1600. 1600. 0.073 0.080 0.08 350. 1 1.  19.29  -14.88
 22    350V  dj0300a    94827     0068  1600. 1600. 0.073 0.080 0.08 350. 1 1.  24.81   -3.59
 
 EEOR

Layer  Bias    Model   clusters   temp                   Best Tune                        2D
1p/m   600V  dj0599aX32 93906     0078  2000. 2000. 0.073 0.080 0.08 350. 1 1.000  48.95 
1p/m   600V  dj0599aX32 93906     0079  1300. 1300. 0.073 0.080 0.08 350. 1 1.000  48.95
1p/m   800V  dj0599aX32 94206     0080  2000. 2000. 0.073 0.080 0.08 350. 1 1.000  38.77 
1p/m   800V  dj0599aX32 94206     0081  1300. 1300. 0.073 0.080 0.08 350. 1 1.000  38.77
2p/m   500V  dj0599aX13 96506     0082  1600. 1600. 0.073 0.080 0.08 350. 1 1.000  59.80
3p/m   400V  dj0400b    77806     0083  1600. 1600. 0.073 0.080 0.08 350. 1 1.000  65.60
4p/m   350V  dj0198a    87206     0084  1600. 1600. 0.073 0.080 0.08 350. 1 1.000  75.00

 21    400V  dj0400b    96716     0087  1600. 1600. 0.073 0.080 0.08 350. 1 1.  21.81   -7.11 
 11    500V  dj0599aX13 96836     0085  1600. 1600. 0.073 0.080 0.08 350. 1 1.  15.15  -16.76
 12    500V  dj0599aX13 96956     0086  1600. 1600. 0.073 0.080 0.08 350. 1 1.  18.09  -13.54
 22    400V  dj0400b    97076     0088  1600. 1600. 0.073 0.080 0.08 350. 1 1.  22.77   -2.82

Phase 2 studies

Type Geom       Bias    Model    clusters   temp                   Best Tune                        2D
PlBP 100x25     350V    new       58362     0292  1000. 1000. 0.000 0.000 0.00 350. 3 1.000 
PlBP 100x25     300V    new       02362     0297  1000. 1000. 0.000 0.000 0.00 350. 3 1.000 
PlBP 50x50      100V    new       02151     0298  1000. 1000. 0.000 0.000 0.00 350. 3 1.000 
PlBP 100x25     500V  dj0599aX32  01162     0303  1000. 1000. 0.000 0.000 0.00 350. 3 1.000  
PlBP 50x50      500V  dj0599aX32  01551     0304  1000. 1000. 0.000 0.000 0.00 350. 3 1.000  
PlBP 100x25     600V  dj0599aX64  01361     0305  1000. 1000. 0.000 0.000 0.00 350. 3 1.000  
PlBP 100x25     600V  dj0599aX64  01421     0305  1000. 1000. 0.000 0.000 0.00 350. 3 1.000 long cls
PlBP 100x25     100V  dj0599aX40  01422     0305  1000. 1000. 0.000 0.000 0.00 350. 3 1.000 long cls
PlBP 100x25     200V  dj0599aX40  01423     0305  1000. 1000. 0.000 0.000 0.00 350. 3 1.000 long cls
PlBP 100x25     400V  dj0599aX40  01424     0305  1000. 1000. 0.000 0.000 0.00 350. 3 1.000 long cls
PlBP 100x25     600V  dj0599aX40  01425     0305  1000. 1000. 0.000 0.000 0.00 350. 3 1.000 long cls
PlBP 100x25     800V  dj0599aX40  01426     0305  1000. 1000. 0.000 0.000 0.00 350. 3 1.000 long cls
PlBP 100x25     300V  dj0599aX40  01427     0305  1000. 1000. 0.000 0.000 0.00 350. 3 1.000 long cls
PlBP 50x50      600V  dj0599aX64  01751     0306  1000. 1000. 0.000 0.000 0.00 350. 3 1.000  
PlBP 100.1x25   300V    new       02761     0299  1000. 1000. 0.000 0.000 0.00 350. 3 1.000 
PlBP 100.1x25FP 300V    new       02861     0307  1000. 1000. 0.000 0.000 0.00 350. 3 1.000
PlBP 100x25     292V   CMSSW      99351     0293  1000. 1000. 0.000 0.000 0.00 350. 3 1.000
PlFP 100x25     292V   CMSSW      99581     0295  1000. 1000. 0.000 0.000 0.00 350. 3 1.000
PlBP 50x50      292V   CMSSW      03881     0292  1000. 1000. 0.000 0.000 0.00 350. 3 1.000
PlFP 50x50      292V   CMSSW      07071     0289  1000. 1000. 0.000 0.000 0.00 350. 3 1.000
PlBP 100x25x150 500V   CMSSW      00000     0310  1000. 1000. 0.000 0.000 0.00 350. 3 1.000
PlBP 100x25_brk2d 300V    new     07562     0311  1000. 1000. 0.000 0.000 0.00 350. 3 1.000
PlBP 100x25_brk2d 300V new@0T     08062     0312  1000. 1000. 0.000 0.000 0.00 350. 3 1.000
PlFP 100x25     500V  dj0599aX32  09061     0313  1000. 1000. 0.000 0.000 0.00 350. 3 1.000  
PlFP 100x25     500V  CMSSW       00000     0314  1000. 1000. 0.000 0.000 0.00 350. 3 1.000  
PlBP 100x25_brk2d 500V dj0599aX32 10599     0315  1000. 1000. 0.000 0.000 0.00 350. 3 1.000
PlBP 100x25     600V  dj0599aX50  12706     0316  1000. 1000. 0.000 0.000 0.00 350. 3 1.000
PlBP 100x25_brk2d 600V dj0599aX50 12707     0317  1000. 1000. 0.000 0.000 0.00 350. 3 1.000
PlBP 60x15x80   160V    new       15606     0318   600.  600. 0.000 0.000 0.00 350. 4 1.000
PlBP 100x25     292V    CMSSW     99257     0320  1000. 1000. 0.000 0.000 0.00 350. 3 1.000
PlFP 100x25     292V    CMSSW     99581     0321  1000. 1000. 0.000 0.000 0.00 350. 3 1.000
3dBP 100x25x230  40V    new       03071     0401  1000. 1000. 0.000 0.000 0.00 350. 3 1.000
3dBP 100x25x230  75V  dj0599aX32  03271     0402  1000. 1000. 0.000 0.000 0.00 350. 3 1.000  
3dBP 100x25x230 100V  dj0599aX174 03471     0403  1000. 1000. 0.000 0.000 0.00 350. 3 1.000  
3dBP 100x25x230 150V  dj0599aX174 03671     0404  1000. 1000. 0.000 0.000 0.00 350. 3 1.000  
3dBP 100x25x130  40V    new       04072     0405  1000. 1000. 0.000 0.000 0.00 350. 3 1.000
3dBP 100x25x130  75V  dj0599aX32  04272     0406  1000. 1000. 0.000 0.000 0.00 350. 3 1.000  
3dBP 100x25x130 100V  dj0599aX174 04472     0407  1000. 1000. 0.000 0.000 0.00 350. 3 1.000  
3dBP 100x25x130 150V  dj0599aX174 04672     0408  1000. 1000. 0.000 0.000 0.00 350. 3 1.000  
3dFP 100x25x150  40V    new       04971     0409  1000. 1000. 0.000 0.000 0.00 350. 3 1.000
3dBP 100x25x150  40V    new       04861     0410  1000. 1000. 0.000 0.000 0.00 350. 3 1.000
3dBP 100x25x150  30V  new,CMSSW   09407     0411  1000. 1000. 0.000 0.000 0.00 350. 3 1.000
3dBP 100x25x150  30V  new,CMSSW   09706     0426  1000. 1000. 0.000 0.000 0.00 350. 3 1.000
3dBP 100x25x150  75V  dj0599aX32  05161     0412  1000. 1000. 0.000 0.000 0.00 350. 3 1.000  
3dBP 100x25x150 100V  dj0599aX174 05361     0413  1000. 1000. 0.000 0.000 0.00 350. 3 1.000  
3dBP 100x25x150 150V  dj0599aX174 05561     0414  1000. 1000. 0.000 0.000 0.00 350. 3 1.000  
3dFP  50x50x150  40V    new       05871     0415  1000. 1000. 0.000 0.000 0.00 350. 3 1.000
3dBP  50x50x150  40V    new       05761     0416  1000. 1000. 0.000 0.000 0.00 350. 3 1.000
3dBP  50x50x150  75V  dj0599aX32  06061     0417  1000. 1000. 0.000 0.000 0.00 350. 3 1.000  
3dBP  50x50x150 100V  dj0599aX174 06261     0418  1000. 1000. 0.000 0.000 0.00 350. 3 1.000  
3dBP  50x50x150 150V  dj0599aX174 06461     0419  1000. 1000. 0.000 0.000 0.00 350. 3 1.000  
3dFP  50x50x150  75V  dj0599aX32  06571     0420  1000. 1000. 0.000 0.000 0.00 350. 3 1.000  
3dFP  50x50x150 100V  dj0599aX174 06671     0421  1000. 1000. 0.000 0.000 0.00 350. 3 1.000  
3dFP  50x50x150 150V  dj0599aX174 06771     0422  1000. 1000. 0.000 0.000 0.00 350. 3 1.000  
3dFP 100x25x150  75V  dj0599aX32  06871     0423  1000. 1000. 0.000 0.000 0.00 350. 3 1.000  
3dFP 100x25x150 100V  dj0599aX174 06971     0424  1000. 1000. 0.000 0.000 0.00 350. 3 1.000  
3dFP 100x25x150 150V  dj0599aX174 07071     0425  1000. 1000. 0.000 0.000 0.00 350. 3 1.000  
3dBP 100x25x150  40V  new FBK     23006     0431  1000. 1000. 0.000 0.000 0.00 350. 3 1.000
3dBP 100x25x150  10V  new FBK     23806     0430  1000. 1000. 0.000 0.000 0.00 350. 3 1.000
3dBP 100x25x150 125V  dj0599aX96  25406     0434  1000. 1000. 0.000 0.000 0.00 350. 3 1.000
3dBP 100x25x150  30V   new FBK              0435  1000. 1000. 0.000 0.000 0.00 350. 3 1.000
3dBP 100x25x150 120V FBKdj0599aX96          0436  1000. 1000. 0.000 0.000 0.00 350. 3 1.000
3dBP 100x25x150 150V FBKdj0599aX96          0437  1000. 1000. 0.000 0.000 0.00 350. 3 1.000

Phase 3 Studies
  
 IOV15 [3.8T 2018 L1@450V, R324245, GV6]

  BPix
Layer  Bias    Model  clusters   temp                   Best Tune                        2D
 1flp  475V  dj0599a   84307     9703  4000. 6000. 0.073 0.120 0.25 350. 1 1.0480  53.20 *
 1unf  475V  dj0563a   93607     9702  3600. 5700. 0.073 0.120 0.25 350. 1 0.9906  54.00 
 1new  475V  dj0300a   87507     9801  2500. 6000. 0.073 0.120 0.25 350. 1 0.9593  57.68
 2m    325V  dj0198a   87207     1512  1400. 3900. 0.073 0.080 0.08 350. 1 1.1528  74.76 *
 2p    325V  dj0198a   87207     1512  1400. 3900. 0.073 0.080 0.08 350. 1 1.1528  74.76 *
 3m    275V  dj0100b   86907     1621  1300. 1800. 0.073 0.080 0.08 350. 1 1.1526  83.48 *
 3p    250V  dj0100b   86607     1721  1400. 1800. 0.073 0.080 0.08 350. 1 1.1423  88.02 *
 4m    275V  dj0070a   78713     7631  1300. 1600. 0.073 0.080 0.08 350. 1 1.1261  83.92
 4p    250V  dj0070a   77213     7731  1600. 1600. 0.073 0.080 0.08 350. 1 1.1073  88.42

 21    300V  dj0100b   87637     1841  1300. 4200. 0.073 0.080 0.08 350. 1 1.1920 21.48 -14.94
 11    300V  dj0198a   87767     1951  1200. 3500. 0.073 0.080 0.08 350. 1 1.1105  6.94 -33.50
 12    300V  dj0198a   87897     1961  1200. 3500. 0.073 0.080 0.08 350. 1 1.1137 11.78 -30.00
 22    300V  dj0100b   88027     1871  1300. 4200. 0.073 0.080 0.08 350. 1 1.1953 23.28  -9.84


IOV16 [0T 2021 Startup]

  BPix
Layer  Bias    Model  clusters   temp                   Best Tune
 1     150V     new     11606    1000  2000. 2000. 0.073 0.080 0.08 350. 1 1.0 *
 1     150V     new     11607    1000  2000. 2000. 0.073 0.080 0.08 350. 1 1.081 *
 2m/p  325V  dj0180c    10906    1001  1600. 1600. 0.073 0.080 0.08 350. 1 1.0 *
 2m/p  325V  dj0180c    10907    1001  1600. 1600. 0.073 0.080 0.08 350. 1 1.286 *
 2m/p  200V  dj0180c    10908    1001  1600. 1600. 0.073 0.080 0.08 350. 1 1.274 *
 3m/p  250V  dj0091a    11206    1003  1600. 1600. 0.073 0.080 0.08 350. 1 1.0 *  
 3m/p  250V  dj0091a    11207    1003  1600. 1600. 0.073 0.080 0.08 350. 1 1.128 *  
 4m/p  250V  dj0047a    11906    1005  1600. 1600. 0.073 0.080 0.08 350. 1 1.0 *
 4m/p  250V  dj0047a    11907    1005  1600. 1600. 0.073 0.080 0.08 350. 1 1.104 *
 
 FPix
 21    300V  dj0091a    12036    1006  1600. 1600. 0.073 0.080 0.08 350. 1 1.0 *
 21    300V  dj0091a    12037    1006  1600. 1600. 0.073 0.080 0.08 350. 1 1.0 *
 11    350V  dj0180c    12166    1007  1600. 1600. 0.073 0.080 0.08 350. 1 1.0 *
 11    350V  dj0180c    12167    1007  1600. 1600. 0.073 0.080 0.08 350. 1 1.0 *
 12    350V  dj0180c    12166    1007  1600. 1600. 0.073 0.080 0.08 350. 1 1.0 *
 12    350V  dj0180c    12168    1007  1600. 1600. 0.073 0.080 0.08 350. 1 1.0 *
 22    300V  dj0091a    12036    1006  1600. 1600. 0.073 0.080 0.08 350. 1 1.0 *
 22    300V  dj0091a    12038    1006  1600. 1600. 0.073 0.080 0.08 350. 1 1.0 *
 
 
 
 
IOV16 [3.8T 2021 Startup]

  BPix
Layer  Bias    Model  clusters   temp                   Best Tune
 1     150V     new     53407*   1010  2000. 2000. 0.073 0.080 0.08 350. 1 1.0 124.50
 2m/p  325V  dj0180c    85206*   1011  1600. 1600. 0.073 0.080 0.08 350. 1 1.0 **
 2     300V     new     12406    1009  1600. 1600. 0.073 0.080 0.08 350. 1 1.0 83.80
 3m    275V  dj0091a    83406*   1012  1600. 1600. 0.073 0.080 0.08 350. 1 1.0 83.21
 3p    250V  dj0091a    83106*   1013  1600. 1600. 0.073 0.080 0.08 350. 1 1.0 87.98    
 4m/p  275V  dj0047a    85806*   1014  1600. 1600. 0.073 0.080 0.08 350. 1 1.0 *
 4p    250V  dj0047a    85506*   1015  1600. 1600. 0.073 0.080 0.08 350. 1 1.0 *
 
 FPix
 21    300V  dj0091a    82436*   1016  1600. 1600. 0.073 0.080 0.08 350. 1 1.2860 22.02 -14.92 *
 11    350V  dj0180c    86066*   1017  1600. 1600. 0.073 0.080 0.08 350. 1 1.2390  8.82 -28.36 *
 12    350V  dj0180c    86196*   1018  1600. 1600. 0.073 0.080 0.08 350. 1 1.2535 13.00 -25.02 *
 22    300V  dj0091a    82826*   1019  1600. 1600. 0.073 0.080 0.08 350. 1 1.2926 23.45  -9.76 *
 
 IOV16 [3.8T 2021 Startup 2T]

  BPix
Layer  Bias    Model  clusters  temp                   Best Tune
 1     150V     new     13006   1020  2000. 2000. 0.073 0.080 0.08 350. 1 1.0  
 2m/p  325V  dj0180c    13306   1021  1600. 1600. 0.073 0.080 0.08 350. 1 1.0 
 2     300V     new     14806   1030  1600. 1600. 0.073 0.080 0.08 350. 1 1.0 
 3m    275V  dj0091a    13606   1022  1600. 1600. 0.073 0.080 0.08 350. 1 1.0   
 3p    250V  dj0091a    13906   1023  1600. 1600. 0.073 0.080 0.08 350. 1 1.0   
 4m    275V  dj0047a    14206   1024  1600. 1600. 0.073 0.080 0.08 350. 1 1.0 
 4p    250V  dj0047a    14506   1025  1600. 1600. 0.073 0.080 0.08 350. 1 1.0 
 
 FPix
 21    300V  dj0091a    15016   1026  1600. 1600. 0.073 0.080 0.08 350. 1 1.2860 22.02 -14.92 *
 11    350V  dj0180c    15136   1027  1600. 1600. 0.073 0.080 0.08 350. 1 1.2390  8.82 -28.36 *
 12    350V  dj0180c    15256   1028  1600. 1600. 0.073 0.080 0.08 350. 1 1.2535 13.00 -25.02 *
 22    300V  dj0091a    15376   1029  1600. 1600. 0.073 0.080 0.08 350. 1 1.2926 23.45  -9.76 *
 
 
 
53201-53405: new @150V 3.8T
53801-54005: CMSSW @150V 0T
54401-54605: CMSSW @150V 3.8T
55001-55205: new @150V 0T
55601-55805: new @295V 3.8T 
55901-56105: new @125V 3.8T  
56201-56405: new @140V 3.8T  
56501-56705: new @110V 3.8T
56801-57005: new @100V 3.8T 
57101-57305: new @175V 3.8T 
57401-57605: new @150V 3.8T 
58401-58605: new @225V 3.8T 
58701-58905: new @250V 3.8T 
59001-59205: new @275V 3.8T 
59301-59505: dj57a @225V 3.8T 

 
IOV17 [3.8T 2021 Post Pilot Run 346492]

  BPix
Layer  Bias    Model  clusters   temp                   Best Tune
 1     150V     new     53421        1031  2000. 2000. 0.073 0.060 0.12 350. 1 1.099 124.50 *
 2m/p  325V  dj0180d    15921        1032  2100. 2100. 0.073 0.080 0.08 350. 1 1.133 70.66  *
 2m/p  325V  dj0180d    15931 gcc    1032  2100. 2100. 0.073 0.080 0.08 350. 1 1.133 70.66  *
 2m/p  325V  dj0180d    15932 icc    1032  2100. 2100. 0.073 0.080 0.08 350. 1 1.133 70.66  *
 2     300V     new     12406        1033  2100. 2100. 0.073 0.080 0.08 350. 1 1.133 82.94  *
 3m    275V  dj0091a    83421        1034  1800. 1800. 0.073 0.080 0.12 350. 1 1.093 83.21  *
 3p    250V  dj0091a    83121        1035  1800. 1800. 0.073 0.080 0.12 350. 1 1.096 87.98  *
 4m    275V  dj0070a    78722 78706  1036  1700. 1700. 0.073 0.080 0.12 350. 1 0.960 83.58  *
 4m                     15926
 4p    250V  dj0070a    77222 77206  1037  1800. 1800. 0.073 0.080 0.12 350. 1 0.968 88.40  *

 FPix
 21    300V  dj0091a    82437*   1038  1800. 1300. 0.073 0.080 0.08 350. 1 1.077 22.36  -14.42 
 11    350V  dj0180d    16067*   1039  1800. 1300. 0.073 0.080 0.08 350. 1 1.073  8.90  -28.32 
 12    350V  dj0180d    16197*   1040  1800. 1300. 0.073 0.080 0.08 350. 1 1.073 13.29  -24.74 
 22    300V  dj0091a    82827*   1041  1800. 1300. 0.073 0.080 0.08 350. 1 1.070 23.48  -9.94 
 
 IOV18 [3.8T 2022 900 GeV Startup Run 353015]

  BPix
Layer  Bias    Model  clusters   temp                   Best Tune
 1     150V     new     53422    1031  2000. 2000. 0.073 0.060 0.12 350. 1 1.099 124.50 *
 1     150V     new     16721    1031  2000. 2000. 0.073 0.060 0.12 350. 1 1.099 124.50 * [Vdep=90V]
 1     150V     new     16722    1031  2000. 2000. 0.073 0.060 0.12 350. 1 1.099 124.50 * [Vdep=100V]
 1     150V     new     16723    1031  2000. 2000. 0.073 0.060 0.12 350. 1 1.099 124.50 * [Vdep=100V], pspX2
 1     150V     new     16724    1031  2000. 2000. 0.073 0.060 0.12 350. 1 1.099 124.50 * [Vdep=100V], 2D reco
 2m/p  325V  dj0180d    15941    1032  2100. 2100. 0.073 0.080 0.08 350. 1 1.133 70.66  *
 2m/p  325V  dj0180d    15942    1032  2100. 2100. 0.073 0.080 0.08 350. 1 1.133 70.66  * [Vdep=100V]
 2m/p  325V  dj0180e    15943    1032  2100. 2100. 0.073 0.080 0.08 350. 1 1.133 70.66  * [T=-5C]
 2m/p  325V  dj0180f    15944    1032  2100. 2100. 0.073 0.080 0.08 350. 1 1.133 70.66  * [T=-5C]
 2     300V     new     12406    1033  2100. 2100. 0.073 0.080 0.08 350. 1 1.133 82.94  *
 3m    275V  dj0091a    83421    1034  1800. 1800. 0.073 0.080 0.12 350. 1 1.093 83.21  *
 3p    250V  dj0091a    83121    1035  1800. 1800. 0.073 0.080 0.12 350. 1 1.096 87.98  *
 4m    275V  dj0070a    78722 78706 1036  1700. 1700. 0.073 0.080 0.12 350. 1 0.960 83.58  *
 4m                     15926
 4p    250V  dj0070a    77222 77206 1037  1800. 1800. 0.073 0.080 0.12 350. 1 0.968 88.40  *

 FPix
 21    300V  dj0091a    82437*   1038  1800. 1300. 0.073 0.080 0.08 350. 1 1.077 22.36  -14.42 
 11    350V  dj0180d    16067*   1039  1800. 1300. 0.073 0.080 0.08 350. 1 1.073  8.90  -28.32 
 12    350V  dj0180d    16197*   1040  1800. 1300. 0.073 0.080 0.08 350. 1 1.073 13.29  -24.74 
 22    300V  dj0091a    82827*   1041  1800. 1300. 0.073 0.080 0.08 350. 1 1.070 23.48  -9.94 
 
 Random Tracks
 
 150V     new     16706    1031  2000. 2000. 0.073 0.060 0.12 350. 1 1.099 124.50 * [Vdep=100V], p=45.0GeV
 150V     new     16707    1031  2000. 2000. 0.073 0.060 0.12 350. 1 1.099 124.50 * [Vdep=100V], p=0.07GeV
 
 IOV19 [3.8T 2022 Run 356947]

  BPix
Layer  Bias    Model  clusters   temp                   Best Tune
 1     150V  dj0050c    16732    1050  2000. 2000. 0.073 0.060 0.12 350. 1 1.099 124.50 *
 2m/p  325V  dj0180d    15941    1032  2100. 2100. 0.073 0.080 0.08 350. 1 1.133 70.66  *
 2m/p  325V  dj0180d    15942    1032  2100. 2100. 0.073 0.080 0.08 350. 1 1.133 70.66  * [Vdep=100V]
 2m/p  325V  dj0180e    15943    1032  2100. 2100. 0.073 0.080 0.08 350. 1 1.133 70.66  * [T=-5C]
 2m/p  325V  dj0180f    15944    1032  2100. 2100. 0.073 0.080 0.08 350. 1 1.133 70.66  * [T=-5C]
 2     300V     new     12406    1033  2100. 2100. 0.073 0.080 0.08 350. 1 1.133 82.94  *
 3m    275V  dj0091a    83421    1034  1800. 1800. 0.073 0.080 0.12 350. 1 1.093 83.21  *
 3p    250V  dj0091a    83121    1035  1800. 1800. 0.073 0.080 0.12 350. 1 1.096 87.98  *
 4m    275V  dj0070a    78722 78706 1036  1700. 1700. 0.073 0.080 0.12 350. 1 0.960 83.58  *
 4m                     15926
 4p    250V  dj0070a    77222 77206 1037  1800. 1800. 0.073 0.080 0.12 350. 1 0.968 88.40  *

  IOV20 [3.8T 2022 Run 357542]

  BPix
Layer  Bias    Model  clusters   temp                   Best Tune
 1     150V  dj0080c    16743    1051  4000. 4000. 0.073 0.060 0.12 350. 1 1.137 105.08  *
 2m/p  325V  dj0180d    15941    1032  2100. 2100. 0.073 0.080 0.08 350. 1 1.133 70.66  *
 2m/p  325V  dj0180d    15942    1032  2100. 2100. 0.073 0.080 0.08 350. 1 1.133 70.66  * [Vdep=100V]
 2m/p  325V  dj0180e    15943    1032  2100. 2100. 0.073 0.080 0.08 350. 1 1.133 70.66  * [T=-5C]
 2m/p  325V  dj0180f    15944    1032  2100. 2100. 0.073 0.080 0.08 350. 1 1.133 70.66  * [T=-5C]
 2     300V     new     12406    1033  2100. 2100. 0.073 0.080 0.08 350. 1 1.133 82.94  *
 3m    275V  dj0091a    83421    1034  1800. 1800. 0.073 0.080 0.12 350. 1 1.093 83.21  *
 3p    250V  dj0091a    83121    1035  1800. 1800. 0.073 0.080 0.12 350. 1 1.096 87.98  *
 4m    275V  dj0070a    78722 78706 1036  1700. 1700. 0.073 0.080 0.12 350. 1 0.960 83.58  *
 4m                     15926
 4p    250V  dj0070a    77222 77206 1037  1800. 1800. 0.073 0.080 0.12 350. 1 0.968 88.40  *

  IOV21 [3.8T 2022 Run 357900]

  BPix
Layer  Bias    Model  clusters   temp                   Best Tune
 1U    150V  dj0102c    17622    1052  3700. 3700. 0.073 0.060 0.12 350. 1 1.133 68.20  *
 1F    150V  dj0103c    17921    1053  3200. 3200. 0.073 0.060 0.12 350. 1 1.168 50.20  *
 2m/p  325V  dj0180d    85521    1032  2100. 2100. 0.073 0.080 0.08 350. 1 1.133 70.66  *
 2     300V     new     12406    1033  2100. 2100. 0.073 0.080 0.08 350. 1 1.133 82.94  *
 3m    275V  dj0091a    83421    1034  1800. 1800. 0.073 0.080 0.12 350. 1 1.093 83.21  *
 3p    250V  dj0091a    83121    1035  1800. 1800. 0.073 0.080 0.12 350. 1 1.096 87.98  *
 4m    275V  dj0070a    78722 78706 1036  1700. 1700. 0.073 0.080 0.12 350. 1 0.960 83.58  *
 4m                     15926
 4p    250V  dj0070a    77222 77206 1037  1800. 1800. 0.073 0.080 0.12 350. 1 0.968 88.40  *

  BPix
Layer  Bias    Model  clusters   temp                   Best Tune
 1U    300V  dj0102c    18206    1054  3700. 3700. 0.073 0.060 0.12 350. 1 1.133 73.61  *
 1F    300V  dj0103c    18506    1055  3200. 3200. 0.073 0.060 0.12 350. 1 1.168 74.20  *
 2m/p  325V  dj0180d    85521    1032  2100. 2100. 0.073 0.080 0.08 350. 1 1.133 70.66  *
 2     300V     new     12406    1033  2100. 2100. 0.073 0.080 0.08 350. 1 1.133 82.94  *
 3m    275V  dj0091a    83421    1034  1800. 1800. 0.073 0.080 0.12 350. 1 1.093 83.21  *
 3p    250V  dj0091a    83121    1035  1800. 1800. 0.073 0.080 0.12 350. 1 1.096 87.98  *
 4m    275V  dj0070a    78722 78706 1036  1700. 1700. 0.073 0.080 0.12 350. 1 0.960 83.58  *
 4m                     15926
 4p    250V  dj0070a    77222 77206 1037  1800. 1800. 0.073 0.080 0.12 350. 1 0.968 88.40  *


  IOV21 [3.8T 2022 Run 359686]
  
    BPix
Layer  Bias    Model  clusters   temp                   Best Tune
 1U    300V  dj0102h    18223    1056  2600. 2600. 0.073 0.060 0.16 350. 1 1.196 78.97  *
 1F    300V  dj0102g    18524    1057  2600. 2600. 0.073 0.060 0.16 350. 1 1.205 78.20  *
 2m/p  325V  dj0180d    85521    1032  2100. 2100. 0.073 0.080 0.08 350. 1 1.133 70.66  *
 2     300V     new     12406    1033  2100. 2100. 0.073 0.080 0.08 350. 1 1.133 82.94  *
 3m    275V  dj0091a    83421    1034  1800. 1800. 0.073 0.080 0.12 350. 1 1.093 83.21  *
 3p    250V  dj0091a    83121    1035  1800. 1800. 0.073 0.080 0.12 350. 1 1.096 87.98  *
 4m    275V  dj0070a    78722 78706 1036  1700. 1700. 0.073 0.080 0.12 350. 1 0.960 83.58  *
 4m                     15926
 4p    250V  dj0070a    77222 77206 1037  1800. 1800. 0.073 0.080 0.12 350. 1 0.968 88.40  *

  IOV22/23 [3.8T 2022 Run 360820]
  
    BPix
Layer  Bias    Model  clusters   temp                   Best Tune
 1U    300V  dj0101b    19420    1070  2600. 2600. 0.073 0.060 0.25 350. 1 1.297 79.41  *
 1F    300V  dj0102b1   19422    1071  2600. 2600. 0.073 0.060 0.25 350. 1 1.291 80.46  *
 1U    350V  dj0101b    20606    1072  2600. 2600. 0.073 0.060 0.25 350. 1 1.297 71.80  *
 1F    350V  dj0102b1   20906    1073  2600. 2600. 0.073 0.060 0.25 350. 1 1.291 72.78  *
 2m/p  325V  dj0180d    85521    1032  2100. 2100. 0.073 0.080 0.08 350. 1 1.133 70.66  *
 2new  300V     new     12406    1033  2100. 2100. 0.073 0.080 0.08 350. 1 1.133 82.94  *
 3m    275V  dj0091a    83421    1034  1800. 1800. 0.073 0.080 0.12 350. 1 1.093 83.21  *
 3p    250V  dj0091a    83121    1035  1800. 1800. 0.073 0.080 0.12 350. 1 1.096 87.98  *
 4m    275V  dj0070a    78722 78706 1036  1700. 1700. 0.073 0.080 0.12 350. 1 0.960 83.58  *
 4m                     15926
 4p    250V  dj0070a    77222 77206 1037  1800. 1800. 0.073 0.080 0.12 350. 1 0.968 88.40  *

  IOV24/25 [3.8T 2022 Run 361971, 361973 has untracked clusters]
  
    BPix
Layer  Bias    Model  clusters   temp                   Best Tune
 1U    375V  dj0340i    20633    1074  2600. 2600. 0.073 0.060 0.25 350. 1 1.374 71.80  *
 1F    375V  dj0340k    20933    1075  2600. 2600. 0.073 0.060 0.25 350. 1 1.353 72.78 *
 1U    425V  dj0340i    21221    1076  2600. 2600. 0.073 0.060 0.25 350. 1 1.374 63.34  *
 1F    425V  dj0340k    21521    1077  2600. 2600. 0.073 0.060 0.25 350. 1 1.353 61.57  *
 2m/p  325V  dj0190a    22722    1078  2900. 1900. 0.073 0.080 0.08 350. 1 1.231 78.08  *
 2new  325V  dj0180d    22425    1079  2100. 2100. 0.073 0.080 0.08 350. 1 1.160 77.71  *
 3m    275V  dj0091a    83422    1080  1800. 1800. 0.073 0.080 0.12 350. 1 1.201 83.21  *
 3p    250V  dj0091a    83122    1081  1800. 1800. 0.073 0.080 0.12 350. 1 1.201 87.98  *
 4m    275V  dj0070a    78723 78706 1082  1700. 1700. 0.073 0.080 0.12 350. 1 1.148 83.58  *
 4m                     15926
 4p    250V  dj0070a    77223 77206 1083  1800. 1800. 0.073 0.080 0.12 350. 1 1.142 88.40  *
 
 FPix
 21    300V  dj0091a    82438*   1084  1800. 1300. 0.073 0.080 0.08 350. 1 1.152 22.36  -14.42 
 11    350V  dj0180d    16068*   1085  1800. 1300. 0.073 0.080 0.08 350. 1 1.148  8.90  -28.32 
 12    350V  dj0180d    16198*   1086  1800. 1300. 0.073 0.080 0.08 350. 1 1.178 13.29  -24.74 
 22    300V  dj0091a    82828*   1087  1800. 1300. 0.073 0.080 0.08 350. 1 1.146 23.48  -9.94 
 
  IOV26 [3.8T 2023 Run 365841(6 runs) 900 GeV/ Run 366497 13.6 TeV]
  
    BPix
Layer  Bias    Model  clusters   temp                   Best Tune

 1U/F  425V  dj0080a1   27223    1090  2600. 2600. 0.073 0.060 0.19 350. 1 1.275 60.98  *
 2m/p  325V  dj0230g    27821    1092  2600. 1900. 0.073 0.080 0.08 350. 1 1.231 76.69  *
 2new  325V  dj0047     27524    1091  2100. 2100. 0.073 0.080 0.08 350. 1 1.061 75.80  *
 3m    275V  dj0091a    83422    1080  1800. 1800. 0.073 0.080 0.12 350. 1 1.201 83.21  *
 3p    250V  dj0091a    83122    1081  1800. 1800. 0.073 0.080 0.12 350. 1 1.201 87.98  *
 4m    275V  dj0070a    78723 78706 1082  1700. 1700. 0.073 0.080 0.12 350. 1 1.148 83.58  *
 4m                     15926
 4p    250V  dj0070a    77223 77206 1083  1800. 1800. 0.073 0.080 0.12 350. 1 1.142 88.40  *
 
 FPix
 21    300V  dj0091a    82438*   1084  1800. 1300. 0.073 0.080 0.08 350. 1 1.152 22.36  -14.42 
 11    350V  dj0180d    16068*   1085  1800. 1300. 0.073 0.080 0.08 350. 1 1.148  8.90  -28.32 
 12    350V  dj0180d    16198*   1086  1800. 1300. 0.073 0.080 0.08 350. 1 1.178 13.29  -24.74 
 22    300V  dj0091a    82828*   1087  1800. 1300. 0.073 0.080 0.08 350. 1 1.146 23.48  -9.94 
 
   IOV27 [3.8T 2023 Run 368823]
  
    BPix
Layer  Bias    Model  clusters   temp                   Best Tune

 1U    475V  dj0310f    28726    1095  3000. 3000. 0.073 0.060 0.27 350. 1 1.256 54.68  *
 1F    475V  dj0310e    28726    1096  3000. 3000. 0.073 0.060 0.27 350. 1 1.309 57.00  *
 2m/p  375V  dj0192f    29021    1097  2600. 1900. 0.073 0.080 0.08 350. 1 1.231 66.79  *
 2new  375V  dj0180d    29321    1098  2100. 2100. 0.073 0.080 0.08 350. 1 1.166 64.74  *
 3m    275V  dj0091a    83422    1080  1800. 1800. 0.073 0.080 0.12 350. 1 1.201 83.21  *
 3p    250V  dj0091a    83122    1081  1800. 1800. 0.073 0.080 0.12 350. 1 1.201 87.98  *
 4m    275V  dj0070a    78723 78706 1082  1700. 1700. 0.073 0.080 0.12 350. 1 1.148 83.58  *
 4m                     15926
 4p    250V  dj0070a    77223 77206 1083  1800. 1800. 0.073 0.080 0.12 350. 1 1.142 88.40  *
 
 FPix
 21    300V  dj0091a    82438*   1084  1800. 1300. 0.073 0.080 0.08 350. 1 1.152 22.36  -14.42 
 11    350V  dj0180d    16068*   1085  1800. 1300. 0.073 0.080 0.08 350. 1 1.148  8.90  -28.32 
 12    350V  dj0180d    16198*   1086  1800. 1300. 0.073 0.080 0.08 350. 1 1.178 13.29  -24.74 
 22    300V  dj0091a    82828*   1087  1800. 1300. 0.073 0.080 0.08 350. 1 1.146 23.48  -9.94 
 
    IOV28 [3.8T 2023 Run 374588 (HI)]
  
    BPix
Layer  Bias    Model  clusters   temp                   Best Tune

 1U    475V  dj0312i    30223    1095  3000. 3000. 0.073 0.060 0.27 350. 1 1.256 54.68  *
 1F    475V  dj0312i    30224    1096  3000. 3000. 0.073 0.060 0.27 350. 1 1.309 57.00  *
 2m/p  375V  dj0192f    29021    1097  2600. 1900. 0.073 0.080 0.08 350. 1 1.231 66.79  *
 2new  375V  dj0180d    29321    1098  2100. 2100. 0.073 0.080 0.08 350. 1 1.166 64.74  *
 3m    275V  dj0091a    83422    1080  1800. 1800. 0.073 0.080 0.12 350. 1 1.201 83.21  *
 3p    250V  dj0091a    83122    1081  1800. 1800. 0.073 0.080 0.12 350. 1 1.201 87.98  *
 4m    275V  dj0070a    78723 78706 1082  1700. 1700. 0.073 0.080 0.12 350. 1 1.148 83.58  *
 4m                     15926
 4p    250V  dj0070a    77223 77206 1083  1800. 1800. 0.073 0.080 0.12 350. 1 1.142 88.40  *
 
 FPix
 21    300V  dj0091a    82438*   1084  1800. 1300. 0.073 0.080 0.08 350. 1 1.152 22.36  -14.42 
 11    350V  dj0180d    16068*   1085  1800. 1300. 0.073 0.080 0.08 350. 1 1.148  8.90  -28.32 
 12    350V  dj0180d    16198*   1086  1800. 1300. 0.073 0.080 0.08 350. 1 1.178 13.29  -24.74 
 22    300V  dj0091a    82828*   1087  1800. 1300. 0.073 0.080 0.08 350. 1 1.146 23.48  -9.94 
 
     IOV29 [3.8T 2023 Run 377327 (CRAFT)]
  
    BPix
Layer  Bias    Model  clusters   temp                   Best Tune

 1U    475V  dj0310f    28726    1099  3000. 3000. 0.073 0.060 0.27 350. 1 1.341 56.15* 0.0518
 1F    475V  dj0310f    28726    1099  3000. 3000. 0.073 0.060 0.27 350. 1 1.341 56.15* 0.0518
 2m/p  363V  dj0192f    29025    1100  2600. 1900. 0.073 0.080 0.08 350. 1 1.311 73.72* 0.0681
 2new  375V  dj0180d    29321    1098  2100. 2100. 0.073 0.080 0.08 350. 1 1.166 64.74* 0.0560
 3m    275V  dj0091a    83424    1102  2200. 2200. 0.073 0.080 0.12 350. 1 1.287 87.90* 0.0812
 3p    250V  dj0091a    83123    1103  2200. 2200. 0.073 0.080 0.12 350. 1 1.276 91.81* 0.0848
 4m    275V  dj0070a    78724    1104  2000. 1800. 0.073 0.080 0.12 350. 1 1.230 86.88* 0.0802
 4p    263V  dj0070a    77225    1105  2000. 1800. 0.073 0.080 0.12 350. 1 1.250 89.60* 0.0827
 
 FPix
 21    300V  dj0091a    82438*   1084  1800. 1300. 0.073 0.080 0.08 350. 1 1.152 22.36  -14.42 0.0754
 11    350V  dj0192f    31316    1107  1800. 1300. 0.073 0.080 0.08 350. 1 1.148 8.550  -33.94 0.0878
 12    350V  dj0192f    31441    1108  1800. 1300. 0.073 0.080 0.08 350. 1 1.178 13.80  -29.82 0.0843
 22    300V  dj0091a    82828*   1087  1800. 1300. 0.073 0.080 0.08 350. 1 1.146 23.48  -9.94  0.0720
 
 
     IOV30 [3.8T 2024 Run 378750]
  
    BPix
Layer  Bias    Model  clusters   temp                   Best Tune

 1U    475V  dj0192g    29925    1109  3000. 3000. 0.073 0.060 0.15 350. 1 1.320 54.82 0.0506
 1F    475V  dj0192g    29925    1109  3000. 3000. 0.073 0.060 0.15 350. 1 1.320 54.82 0.0506
 2m/p  363V  dj0192i    30524    1110  2600. 1900. 0.073 0.080 0.08 350. 1 1.231 65.08 0.0601
 2new  375V  dj0180d    29324    1098  2100. 2100. 0.073 0.080 0.08 350. 1 1.166 64.74* 0.0560
 3m    275V  dj0091a    83424    1102  2200. 2200. 0.073 0.080 0.12 350. 1 1.287 87.90* 0.0812
 3p    250V  dj0091a    83123    1103  2200. 2200. 0.073 0.080 0.12 350. 1 1.276 91.81* 0.0848
 4m    275V  dj0070a    78724    1104  2000. 1800. 0.073 0.080 0.12 350. 1 1.230 86.88* 0.0802
 4p    263V  dj0070a    77225    1105  2000. 1800. 0.073 0.080 0.12 350. 1 1.250 89.60* 0.0827
 
 FPix
 21    300V  dj0091a    82439    1084  1800. 1300. 0.073 0.080 0.08 350. 1 1.152 22.36  -14.42 0.0754
 11    400V  dj0192i    31567    1111  1800. 1300. 0.073 0.080 0.08 350. 1 1.148 9.41   -27.30 0.0699
 12    400V  dj0192i    31692    1112  1800. 1300. 0.073 0.080 0.08 350. 1 1.178 13.25  -23.98 0.0677
 22    300V  dj0091a    82829    1087  1800. 1300. 0.073 0.080 0.08 350. 1 1.146 23.48  -9.94  0.0720
 
  
     IOV31 [3.8T 2024 Run 380947]
  
    BPix
Layer  Bias    Model  clusters   temp                   Best Tune

 1U    475V  dj0192g    32221    1109  3000. 3000. 0.073 0.060 0.15 350. 1 1.320 54.82 0.0506
 1F    475V  dj0192g    32222    1109  3000. 3000. 0.073 0.060 0.15 350. 1 1.320 54.82 0.0506
 2m/p  363V  dj0192i    *****    1110  2600. 1900. 0.073 0.080 0.08 350. 1 1.231 65.08 0.0601
 2new  375V  dj0180d    *****    1098  2100. 2100. 0.073 0.080 0.08 350. 1 1.166 64.74* 0.0560
 3m    275V  dj0091a    *****    1102  2200. 2200. 0.073 0.080 0.12 350. 1 1.287 87.90* 0.0812
 3p    250V  dj0091a    *****    1103  2200. 2200. 0.073 0.080 0.12 350. 1 1.276 91.81* 0.0848
 4m    275V  dj0070a    *****    1104  2000. 1800. 0.073 0.080 0.12 350. 1 1.230 86.88* 0.0802
 4p    263V  dj0070a    *****    1105  2000. 1800. 0.073 0.080 0.12 350. 1 1.250 89.60* 0.0827
 
 FPix
 21    300V  dj0091a    *****    1084  1800. 1300. 0.073 0.080 0.08 350. 1 1.152 22.36  -14.42 0.0754
 11    400V  dj0192i    *****    1111  1800. 1300. 0.073 0.080 0.08 350. 1 1.148 9.41   -27.30 0.0699
 12    400V  dj0192i    *****    1112  1800. 1300. 0.073 0.080 0.08 350. 1 1.178 13.25  -23.98 0.0677
 22    300V  dj0091a    *****    1087  1800. 1300. 0.073 0.080 0.08 350. 1 1.146 23.48  -9.94  0.0720
 
  
