380947 28721 150. 3000. 3000. 0.073 0.060 0.27 350. 1 0

380947 28727 150. 3000. 3000. 0.073 0.060 0.27 350. 1 0

379530 31692 150. 1800. 1300. 0.073 0.080 0.08 350. 1 0

378750 31691 150. 1800. 1300. 0.073 0.080 0.08 350. 1 0

378750 31906 150. 2600. 1900. 0.073 0.080 0.08 350. 1 0

378238 32206 150. 3000. 3000. 0.073 0.060 0.15 350. 1 0

378750 29322 150. 2100. 2100. 0.073 0.080 0.08 350. 1 0 1.166

378750 83425 150. 2200. 2200. 0.073 0.080 0.12 350. 1 0

378750 29322 150. 2100. 2100. 0.073 0.080 0.08 350. 1 0 1.166

378750 83124 150. 2200. 2200. 0.073 0.080 0.12 350. 1 0

378238 29925 150. 3000. 3000. 0.073 0.060 0.15 350. 1 0

378750 30524 150. 2600. 1900. 0.073 0.080 0.08 350. 1 0

000000 94206 150. 2000. 2000. 0.073 0.080 0.08 350. 1 0

378238 29924 150. 3000. 3000. 0.073 0.060 0.27 350. 1 0

378238 29922 150. 3000. 3000. 0.073 0.060 0.27 350. 1 0

377327 29025 150. 2600. 1900. 0.073 0.080 0.08 350. 1 0

377327 31316 150. 1800. 1300. 0.073 0.080 0.08 350. 1 0

377327 77225 150. 2000. 1800. 0.073 0.080 0.12 350. 1 0

377327 78724 150. 2000. 1800. 0.073 0.080 0.12 350. 1 0

377327 83423 150. 2200. 2200. 0.073 0.080 0.12 350. 1 0

377327 28726 150. 3000. 3000. 0.073 0.060 0.27 350. 1 0

377327 77225 150. 2200. 1800. 0.073 0.080 0.12 350. 1 0

377327 77224 150. 2200. 1800. 0.073 0.080 0.12 350. 1 0

377327 78724 150. 2200. 1800. 0.073 0.080 0.12 350. 1 0

377327 29025 150. 2600. 1900. 0.073 0.080 0.08 350. 1 0

377327 83123 150. 2200. 2200. 0.073 0.080 0.12 350. 1 0

377327 83423 150. 2000. 2000. 0.073 0.080 0.12 350. 1 0

377327 29023 150. 2600. 1900. 0.073 0.080 0.08 350. 1 0

000000 27251 100. 900. 1000. 0.000 0.000 0.00 200. 2 0

000000 21807 250. 2600. 2600. 0.073 0.060 0.25 350. 1 0

000000 27251 500. 1500. 1500. 0.000 0.000 0.00 500. 2 0

370776 29022 150. 2800. 1300. 0.073 0.080 0.08 350. 1 0 1.231

370776 28422 150. 3000. 3000. 0.073 0.060 0.27 350. 1 0 1.256 [unflip]

374588 30225 150. 3000. 3000. 0.073 0.060 0.27 350. 1 0 1.256 [unflip]

000000 26966 150. 1000. 1000. 0.000 0.000 0.00 350. 3 0

000000 26772 150. 1000. 1000. 0.000 0.000 0.00 350. 3 0

000000 26771 150. 1000. 1000. 0.000 0.000 0.00 350. 3 0

000000 26975 150. 1000. 1000. 0.000 0.000 0.00 350. 3 0

368823 28421 150. 3000. 3000. 0.073 0.060 0.27 350. 1 0 1.309 [flip]

368822 29321 150. 2100. 2100. 0.073 0.080 0.08 350. 1 0 1.166

368823 29021 150. 2600. 1900. 0.073 0.080 0.08 350. 1 0 1.231

368823 28421 150. 3000. 3000. 0.073 0.060 0.27 350. 1 0 1.309 [flip]

368823 28721 150. 3000. 3000. 0.073 0.060 0.27 350. 1 0 1.256 [unflip]

367758 27233 150. 3000. 3000. 0.073 0.060 0.27 350. 1 0 1.275

000000 99257 150. 1000. 1000. 0.000 0.000 0.00 350. 3 0

000000 17201 150. 1000. 1000. 0.000 0.000 0.00 350. 3 0

366497 27506 150. 2100. 2100. 0.073 0.080 0.08 350. 1 0 1.275

366497 27206 150. 2600. 2600. 0.073 0.060 0.19 350. 1 0 1.275

366497 27524 150. 2100. 2100. 0.073 0.080 0.08 350. 1 0 1.275

366497 27821 150. 2600. 1900. 0.073 0.080 0.08 350. 1 0 1.275

366497 27523 150. 2600. 2600. 0.073 0.060 0.19 350. 1 0 1.275

366497 22726 150. 2900. 1900. 0.073 0.080 0.08 350. 1 0 1.275

365841 27523 150. 2600. 2600. 0.073 0.060 0.19 350. 1 0 1.275

000000 26971 150. 1000. 1000. 0.000 0.000 0.00 350. 2 0

362616 83122 150. 1800. 1800. 0.073 0.080 0.12 350. 1 0 1.201

000000 26577 150. 2000. 2000. 0.073 0.080 0.08 350. 1 0

000000 93641 150. 3600. 5700. 0.073 0.120 0.25 350. 1 0

000000 23006 150. 1000. 1000. 0.000 0.000 0.00 350. 3 0

000000 25407 150. 1000. 1000. 0.000 0.000 0.00 350. 3 0

000000 08306 150. 1000. 1000. 0.000 0.000 0.00 350. 3 0

362616 21521 150. 2600. 2600. 0.073 0.060 0.25 350. 1 0 1.291

361971 82828 150. 1800. 1300. 0.073 0.080 0.08 350. 1 0 1.146

361971 16198 150. 1800. 1300. 0.073 0.080 0.08 350. 1 0 1.178

361971 16068 150. 1800. 1300. 0.073 0.080 0.08 350. 1 0 1.148

361971 82438 150. 1800. 1300. 0.073 0.080 0.08 350. 1 0 1.152

362616 77223 150. 1800. 1800. 0.073 0.080 0.12 350. 1 0 1.142

362616 78723 150. 1700. 1700. 0.073 0.080 0.12 350. 1 0 1.148

362616 83122 150. 1800. 1800. 0.073 0.080 0.12 350. 1 0 1.201

362616 83422 150. 1800. 1800. 0.073 0.080 0.12 350. 1 0 1.201

362616 22722 150. 2900. 1900. 0.073 0.080 0.08 350. 1 0 1.133

361971 22425 150. 2100. 2100. 0.073 0.080 0.08 350. 1 0 1.133

362616 22722 150. 2100. 2100. 0.073 0.080 0.08 350. 1 0 1.133

361971 22425 150. 2100. 2100. 0.073 0.080 0.08 350. 1 0 1.133

361971 85524 150. 2100. 2100. 0.073 0.080 0.08 350. 1 0 1.133

362616 21521 150. 2600. 2600. 0.073 0.060 0.25 350. 1 0 1.291

362616 21221 150. 2600. 2600. 0.073 0.060 0.25 350. 1 0 1.291

361971 85524 150. 2100. 2100. 0.073 0.080 0.08 350. 1 0 1.133

361971 22421 150. 2100. 2100. 0.073 0.080 0.08 350. 1 0 1.133

361971 20633 150. 2600. 2600. 0.073 0.060 0.25 350. 1 0 1.374

361971 20933 150. 2600. 2600. 0.073 0.060 0.25 350. 1 0 1.353

361971 20633 150. 2600. 2600. 0.073 0.060 0.25 350. 1 0 1.374

000000 21506 150. 2600. 2600. 0.073 0.060 0.25 350. 1 0 1.353

000000 21206 150. 2600. 2600. 0.073 0.060 0.25 350. 1 0 1.374

361971 20933 150. 2600. 2600. 0.073 0.060 0.25 350. 1 0 1.291

361971 20633 150. 2600. 2600. 0.073 0.060 0.25 350. 1 0 1.297

361971 20922 150. 2600. 2600. 0.073 0.060 0.25 350. 1 0 1.291

361971 20622 150. 2600. 2600. 0.073 0.060 0.25 350. 1 0 1.297

360820 19420 150. 2600. 2600. 0.073 0.060 0.25 350. 1 0 1.297

360820 19432 150. 2600. 2600. 0.073 0.060 0.25 350. 1 0 1.291

360820 19431 150. 2600. 2600. 0.073 0.060 0.25 350. 1 0 1.297

360820 85532 150. 2100. 2100. 0.073 0.080 0.08 350. 1 0 1.133

360820 20906 150. 2600. 2600. 0.073 0.060 0.25 350. 1 0 1.297

360820 19420 150. 2600. 2600. 0.073 0.060 0.25 350. 1 0 1.297

360820 19422 150. 2600. 2600. 0.073 0.060 0.25 350. 1 0 1.291

360820 19420 150. 2600. 2600. 0.073 0.060 0.18 350. 1 0 1.297

360820 19422 150. 2600. 2600. 0.073 0.060 0.16 350. 1 0 1.196

360820 18532 150. 2900. 2900. 0.073 0.060 0.16 350. 1 0 1.322

360820 18232 150. 2700. 2700. 0.073 0.060 0.16 350. 1 0 1.341

360820 18532 150. 2900. 2900. 0.073 0.060 0.16 350. 1 0 1.322

359686 18524 150. 2600. 2600. 0.073 0.060 0.16 350. 1 0 1.205

359686 18223 150. 2600. 2600. 0.073 0.060 0.16 350. 1 0 1.196

358686 18523 150. 3200. 3200. 0.073 0.060 0.12 350. 1 0 1.168

359686 18223 150. 3700. 3700. 0.073 0.060 0.12 350. 1 0 1.133

357901 17921 150. 3200. 3200. 0.073 0.060 0.12 350. 1 0 1.168

357900 17921 150. 3200. 3200. 0.073 0.060 0.12 350. 1 0 1.168

357900 17622 150. 3700. 3700. 0.073 0.060 0.12 350. 1 0 1.133

357542 16743 150. 4000. 4000. 0.073 0.060 0.12 350. 1 0

000000 18206 150. 3700. 3700. 0.073 0.060 0.12 350. 1 0 1.168

357900 85521 150  2100. 2100. 0.073 0.080 0.08 350. 1 0 1.133

357900 17622 150. 3700. 3700. 0.073 0.060 0.12 350. 1 0 1.117

357900 17921 150. 3200. 3200. 0.073 0.060 0.12 350. 1 0 1.168

357900 17622 150. 3700. 3700. 0.073 0.060 0.12 350. 1 0 1.117

357900 17622 150. 3700. 3700. 0.073 0.060 0.12 350. 1 0

357900 17623 150. 3300. 3300. 0.073 0.060 0.12 350. 1 0

357900 17621 150. 3600. 3600. 0.073 0.060 0.12 350. 1 0

357900 17622 150. 3700. 3700. 0.073 0.060 0.12 350. 1 0

357900 17623 150. 3300. 3300. 0.073 0.060 0.12 350. 1 0

357542 16743 150. 4000. 4000. 0.073 0.060 0.12 350. 1 0

357542 16743 150. 3700. 3700. 0.073 0.060 0.12 350. 1 0

357542 16741 150. 4000. 4000. 0.073 0.060 0.12 350. 1 0

357542 16735 150. 3700. 3700. 0.073 0.060 0.12 350. 1 0

356947 16732 150. 2000. 2000. 0.073 0.060 0.12 350. 1 0

357542 16737 150. 3700. 3700. 0.073 0.060 0.12 350. 1 0

357542 16739 150. 3500. 3500. 0.073 0.060 0.12 350. 1 0

357542 16738 150. 3500. 3500. 0.073 0.060 0.12 350. 1 0

357542 16737 150. 3500. 3500. 0.073 0.060 0.12 350. 1 0

357542 16736 150. 2000. 2000. 0.073 0.060 0.12 350. 1 0

357542 16734 150. 2000. 2000. 0.073 0.060 0.12 350. 1 0

357542 16735 150. 2000. 2000. 0.073 0.060 0.12 350. 1 0

000007 80252 250. 1400. 3600. 0.073 0.080 0.08 350. 1 0

000006 80251 250. 4000. 4000. 0.073 0.120 0.25 350. 1 0

000009 80254 250. 1500. 1500. 0.073 0.080 0.08 350. 1 0

000008 80253 250. 1300. 1700. 0.073 0.080 0.08 350. 1 0

000007 80252 250. 1400. 3600. 0.073 0.080 0.08 350. 1 0

353015 16721 150. 2000. 2000. 0.073 0.060 0.12 350. 1 0

000003 80214 250. 2000. 4000. 0.073 0.090 0.08 350. 1 0

000000 80211 250. 2000. 4000. 0.073 0.090 0.08 350. 1 0

000001 80212 250. 2000. 4000. 0.073 0.090 0.08 350. 1 0

000000 80211 250. 2000. 4000. 0.073 0.090 0.08 350. 1 0

000001 80212 250. 2000. 4000. 0.073 0.090 0.08 350. 1 0

000000 80211 250. 1400. 3600. 0.073 0.080 0.08 350. 1 0

000000 80209 250. 1400. 3600. 0.073 0.080 0.08 350. 1 0

000000 16706 150. 2000. 2000. 0.073 0.060 0.12 350. 1 0

353015 16724 150. 2000. 2000. 0.073 0.080 0.12 350. 1 0

353015 16721 150. 2000. 2000. 0.073 0.060 0.12 350. 1 0

353015 15943 150. 2100. 2100. 0.073 0.080 0.08 350. 1 0

353015 16723 150. 2000. 2000. 0.073 0.060 0.12 350. 1 0

353015 53422 150. 2000. 2000. 0.073 0.060 0.12 350. 1 0

353015 15941 150. 2100. 2100. 0.073 0.080 0.08 350. 1 0

000000 16302 150. 800. 800. 0.000 0.000 0.00 350. 0 0

000000 02362 150. 1000. 1000. 0.000 0.000 0.00 350. 3 0

000000 15906 150. 2000. 2000. 0.073 0.080 0.08 350. 1 0

000000 07564 150. 1000. 1000. 0.000 0.000 0.00 350. 3 0

000000 15676 150. 600. 600. 0.000 0.000 0.00 350. 4 0

346492 82436 150. 1800. 1300. 0.073 0.080 0.08 350. 1 0

346492 16066 150. 1800. 1300. 0.073 0.080 0.08 350. 1 0

346492 16197 150. 1800. 1300. 0.073 0.080 0.08 350. 1 0

346492 16067 150. 1800. 1300. 0.073 0.080 0.08 350. 1 0

346492 15921 150. 2100. 2100. 0.073 0.080 0.08 350. 1 0

346492 16067 150. 1800. 1300. 0.073 0.080 0.08 350. 1 0

346492 77222 150. 1800. 1800. 0.073 0.080 0.12 350. 1 0

346492 12406 150. 2100. 2100. 0.073 0.080 0.08 350. 1 0

346492 15921 150. 2100. 2100. 0.073 0.080 0.08 350. 1 0

346492 15927 150. 1800. 1800. 0.073 0.080 0.12 350. 1 0

346492 15926 150. 1800. 1800. 0.073 0.080 0.12 350. 1 0

346492 15921 150. 2100. 2100. 0.073 0.080 0.08 350. 1 0

346492 83421 150. 1800. 1800. 0.073 0.080 0.12 350. 1 0

346492 83121 150. 1800. 1800. 0.073 0.080 0.12 350. 1 0

346492 15927 150. 1600. 1600. 0.073 0.080 0.08 350. 1 0

346492 83421 150. 1800. 1800. 0.073 0.080 0.08 350. 1 0

346492 15925 150. 1600. 1600. 0.073 0.080 0.08 350. 1 0

346492 83121 150. 1600. 1600. 0.073 0.080 0.08 350. 1 0

346492 83421 150. 1600. 1600. 0.073 0.080 0.08 350. 1 0

346492 85223 150. 2100. 2100. 0.073 0.080 0.08 350. 1 0

346492 53421 150. 2000. 2000. 0.073 0.060 0.12 350. 1 0

000000 15606 150. 600. 600. 0.000 0.000 0.00 350. 4 0

344518 12167 150. 1600. 1600. 0.073 0.080 0.08 350. 1 0

000000 15376 150. 1600. 1600. 0.073 0.080 0.08 350. 1 0

000000 13306 150. 1600. 1600. 0.073 0.080 0.08 350. 1 0

000000 13006 150. 2000. 2000. 0.073 0.080 0.08 350. 1 0

000000 12707 150. 1000. 1000. 0.000 0.000 0.00 350. 3 0

000000 10908 150. 1600. 1600. 0.073 0.080 0.08 350. 1 0

000000 11607 150. 1600. 2500. 0.073 0.080 0.08 350. 1 1

000000 07562 150. 1000. 1000. 0.000 0.000 0.00 350. 3 0

000000 01162 150. 1000. 1000. 0.000 0.000 0.00 350. 3 0

000000 07562 150. 1000. 1000. 0.000 0.000 0.00 350. 3 0

000000 83709 150. 2000. 2000. 0.073 0.080 0.08 350. 1 1

000000 07562 150. 1000. 1000. 0.000 0.000 0.00 350. 3 0

000000 89206 150. 2000. 2000. 0.073 0.080 0.08 350. 1 0

000000 94206 150. 2000. 2000. 0.073 0.080 0.08 350. 1 0

000000 86196 150. 1600. 1600. 0.073 0.080 0.08 350. 1 0

000000 05561 150. 1000. 1000. 0.000 0.000 0.00 350. 3 0

000000 10599 150. 1000. 1000. 0.000 0.000 0.00 350. 3 0

000000 01162 150. 1000. 1000. 0.000 0.000 0.00 350. 3 0

000000 07562 150. 1000. 1000. 0.000 0.000 0.00 350. 3 0

000000 02362 150. 1000. 1000. 0.000 0.000 0.00 350. 3 0

000000 10599 150. 1000. 1000. 0.000 0.000 0.00 350. 3 0

000000 01161 150. 1000. 1000. 0.000 0.000 0.00 350. 3 0

000000 07562 150. 1000. 1000. 0.000 0.000 0.00 350. 3 0

000000 58609 150. 1600. 1600. 0.073 0.080 0.08 350. 1 0

000000 09706 150. 1000. 1000. 0.000 0.000 0.00 350. 3 0

000000 01427 050. 200. 200. 0.000 0.000 0.00 350. 0 0

000000 99351 150. 1000. 1000. 0.000 0.000 0.00 350. 1 0

000000 07562 150. 1000. 1000. 0.000 0.000 0.00 350. 3 0

000000 09407 150. 1000. 1000. 0.000 0.000 0.00 350. 1 0

000000 58606 150. 2000. 2000. 0.000 0.000 0.00 350. 1 0

000000 99351 150. 1000. 1000. 0.000 0.000 0.00 350. 3 0

000000 08065 150. 1000. 1000. 0.000 0.000 0.00 350. 3 0

000000 94206 150. 1300. 1300. 0.073 0.080 0.08 350. 1 1

000000 07562 150. 1000. 1000. 0.000 0.000 0.00 350. 3 0

000000 99267 150. 1000. 1000. 0.000 0.000 0.00 350. 1 0

000000 02761 150. 1000. 1000. 0.000 0.000 0.00 350. 3 0

000000 02361 150. 1000. 1000. 0.000 0.000 0.00 350. 3 0

000000 01361 150. 1000. 1000. 0.000 0.000 0.00 350. 3 0

000000 58362 150. 1000. 1000. 0.000 0.000 0.00 350. 3 0

000000 02151 150. 1000. 1000. 0.000 0.000 0.00 350. 3 0

000000 01551 150. 1000. 1000. 0.000 0.000 0.00 350. 3 0

000000 01161 150. 1000. 1000. 0.000 0.000 0.00 350. 3 0

000000 58361 150. 1000. 1000. 0.000 0.000 0.00 350. 0 1

000000 99258 150. 1000. 1000. 0.000 0.000 0.00 350. 0 0

000000 01951 150. 1000. 1000. 0.000 0.000 0.00 350. 3 0

000000 99257 150. 1000. 1000. 0.000 0.000 0.00 350. 3 0

000000 93007 150. 2000. 2000. 0.073 0.080 0.08 350. 1 1

000000 58361 150. 1000. 1000. 0.000 0.000 0.00 350. 0 1

000000 89206 150. 2000. 2000. 0.073 0.080 0.08 350. 1 1

000000 99578 150. 1000. 1000. 0.000 0.000 0.00 350. 0 1

000000 52806 150. 2000. 2000. 0.073 0.080 0.08 350. 1 1

000000 58360 150. 1000. 1000. 0.073 0.080 0.08 350. 1 1

000000 52806 150. 2000. 2000. 0.073 0.080 0.08 350. 1 1

000000 94696 150. 1200. 3500. 0.073 0.080 0.08 350. 1 1.

000000 93006 150. 1300. 1300. 0.073 0.080 0.08 350. 1 1.000

000000 87206 150. 1600. 1600. 0.073 0.080 0.08 350. 1 1.0

283308 87636 150. 1300. 4200. 0.073 0.080 0.08 350. 1 1.0

283308 92706 150. 1300. 1300. 0.073 0.080 0.08 350. 1 1.000

321833 93306 150. 3900. 5200. 0.073 0.120 0.25 350. 1 0.9085

324245 87206 150. 1400. 3900. 0.073 0.080 0.08 350. 1 1.1185

324245 93606 150. 3600. 5700. 0.073 0.120 0.25 350. 1 0.9906

324245 84306 150. 4000. 6000. 0.073 0.120 0.25 350. 1 1.0480

321833 93306 150. 3900. 5200. 0.073 0.120 0.25 350. 1 0.9085

321833 84007 150. 4400. 6000. 0.073 0.120 0.25 350. 1 0.9002

324245 87207 150. 1400. 3900. 0.073 0.080 0.08 350. 1 1.1185

324245 84307 150. 4000. 6000. 0.073 0.120 0.25 350. 1 1.0480

321833 85226 150. 1400. 3600. 0.073 0.080 0.08 350. 1 1.0885

324245 84330 150. 4000. 6000. 0.073 0.120 0.25 350. 1 1.0107

000000 93006 150. 2000. 2000. 0.073 0.080 0.08 350. 1 1.000

000000 92706 150. 1300. 1300. 0.073 0.080 0.08 350. 1 1.000

324245 84325 150. 4000. 6000. 0.073 0.120 0.25 350. 1 1.0107

321833 84025 150. 4000. 5500. 0.073 0.120 0.25 350. 1 0.9002

324245 84324 150. 4000. 6000. 0.073 0.120 0.25 350. 1 1.0107

324245 87222 150. 1400. 3900. 0.073 0.080 0.08 350. 1 1.1185

324245 84324 150. 4000. 6000. 0.073 0.120 0.25 350. 1 1.0107

305898 92296 150. 1200. 4200. 0.073 0.080 0.15 350. 1 1.3930

305898 68168 150. 1200. 4200. 0.073 0.080 0.15 350. 1 1.3930

304292 92297 150. 1200. 4200. 0.073 0.080 0.15 350. 1 1.3300

304292 92167 150. 1200. 4200. 0.073 0.080 0.15 350. 1 1.3280

303885 73601 150. 1200. 4200. 0.073 0.080 0.15 350. 1 1.3010

303885 73471 150. 1200. 4200. 0.073 0.080 0.15 350. 1 1.3010

302472 86327 150. 1200. 4200. 0.073 0.080 0.15 350. 1 1.3020

302472 85937 150. 1200. 4200. 0.073 0.080 0.15 350. 1 1.3020

301183 61599 150. 1200. 3800. 0.073 0.080 0.08 350. 1 1.2630

305898 67908 150. 1300. 1700. 0.073 0.080 0.08 350. 1 0.9968

305898 80509 150. 1700. 3300. 0.073 0.080 0.15 350. 1 1.0600

305898 67009 150. 2100. 3100. 0.073 0.080 0.15 350. 1 1.0605

305898 80509 150. 1700. 3300. 0.073 0.080 0.15 350. 1 1.0600

304292 91007 150. 1300. 3100. 0.073 0.080 0.11 350. 1 0.9837

304292 91307 150. 1800. 2600. 0.073 0.080 0.11 350. 1 0.9701

304292 91007 150. 1300. 3100. 0.073 0.080 0.11 350. 1 0.9620

301183 59816 150. 2600. 2600. 0.073 0.100 0.22 350. 1 1.1513

301183 60116 150. 1800. 2600. 0.073 0.100 0.22 350. 1 1.1471

302472 91607 150. 2400. 2400. 0.073 0.100 0.28 350. 1 1.2500

302472 91907 150. 1800. 2800. 0.073 0.100 0.28 350. 1 1.2587

302472 91607 150. 2400. 2400. 0.073 0.150 0.18 350. 1 1.2500

303885 90407 150. 1800. 2800. 0.073 0.150 0.08 350. 1 0.9679

303885 90707 150. 2400. 2400. 0.073 0.080 0.18 350. 1 0.9771

302472 77210 150. 2400. 2400. 0.073 0.080 0.18 350. 1 1.250
 
302472 78709 150. 1800. 2800. 0.073 0.080 0.18 350. 1 1.2587

301183 60116 150. 1800. 2600. 0.073 0.080 0.18 350. 1 1.1471

301183 59816 150. 2600. 2600. 0.073 0.080 0.18 350. 1 1.1513

305898 67931 150. 1300. 3100. 0.073 0.080 0.08 350. 1

304560 59836 150. 1300. 2100. 0.073 0.080 0.08 350. 1

304560 59835 150. 1800. 2600. 0.073 0.080 0.08 350. 1 0.9380

300157 90107 150. 2000. 3400. 0.073 0.090 0.07 350. 1 1.1190

300157 56153 150. 2100. 3300. 0.073 0.090 0.07 350. 1 1.1700

297503 64961 150. 4500. 6500. 0.073 0.120 0.15 350. 1 0.9000

301183 62951 150. 5800. 7000. 0.073 0.120 0.15 350. 1 0.909

303885 89207 150. 3500. 4500. 0.073 0.120 0.15 350. 1

302472 89507 150. 4000. 5000. 0.073 0.120 0.15 350. 1

304292 65207 150. 3500. 5500. 0.073 0.120 0.15 350. 1

303885 89207 150. 4000. 5000. 0.073 0.120 0.15 350. 1

302472 89507 150. 4000. 5000. 0.073 0.120 0.15 350. 1

000000 59559 150. 4000. 7300. 0.073 0.120 0.15 350. 1

300401 59508 150. 4000. 7300. 0.073 0.120 0.15 350. 1

300157 62951 150. 4000. 6000. 0.073 0.120 0.15 350. 1

300157 59558 150. 4000. 6000. 0.073 0.120 0.15 350. 1

305898 89262 150. 5100. 7500. 0.073 0.120 0.25 350. 1 0.8980

305898 89262 150. 5100. 7500. 0.073 0.120 0.25 350. 1 0.8980

305898 66707 150. 5100. 7500. 0.073 0.120 0.25 350. 1 0.8980

000000 62951 150. 3800. 3800. 0.073 0.120 0.15 350. 1

000000 89262 150. 5000. 6000. 0.073 0.120 0.25 350. 1 0.7840

000000 89270 150. 3400. 4700. 0.073 0.120 0.25 350. 1 0.8180

000000 59558 150. 3800. 3800. 0.073 0.120 0.15 350. 1

000000 89259 150. 5000. 6000. 0.073 0.120 0.25 350. 1 0.7840

000000 89257 150. 3000. 6000. 0.073 0.120 0.25 350. 1

000000 88976 150. 1500. 1500. 0.073 0.080 0.08 350. 1 1.000

303885 62921 150. 3400. 4700. 0.073 0.120 0.25 350. 1

325169 84312 150. 3000. 6800. 0.073 0.120 0.25 350. 1 1.0107

325168 84311 150. 3300. 6800. 0.073 0.120 0.25 350. 1 1.0107

324970 84318 150. 2000. 7500. 0.073 0.120 0.25 350. 1 1.0107

324970 84317 150. 2800. 5000. 0.073 0.120 0.25 350. 1 1.0107

324970 84315 150. 3000. 6500. 0.073 0.120 0.25 350. 1 1.0107

324970 84314 150. 3200. 5000. 0.073 0.120 0.25 350. 1 1.0107

325169 84312 150. 3000. 6500. 0.073 0.120 0.25 350. 1 1.0107

325168 84311 150. 3500. 6800. 0.073 0.120 0.25 350. 1 1.0107

324970 84315 150. 3200. 6000. 0.073 0.120 0.25 350. 1 1.0107

324970 84314 150. 3200. 5000. 0.073 0.120 0.25 350. 1 1.0107

324970 84313 150. 4000. 6800. 0.073 0.120 0.25 350. 1 1.0107

324245 86621 150. 1400. 1800. 0.073 0.080 0.08 350. 1 1.1423

324245 87207 150. 1400. 3900. 0.073 0.080 0.08 350. 1 1.1185

324245 87897 150. 1200. 3500. 0.073 0.080 0.08 350. 1 1.1137

324245 87767 150. 1200. 3500. 0.073 0.080 0.08 350. 1 1.1105

324245 88027 150. 1300. 4200. 0.073 0.080 0.08 350. 1 1.1953

324245 87637 150. 1300. 4200. 0.073 0.080 0.08 350. 1 1.1920

324245 77213 150. 1600. 1600. 0.073 0.080 0.08 350. 1 1.1073

324245 78713 150. 1300. 1600. 0.073 0.080 0.08 350. 1 1.1261

324245 86607 150. 1400. 1800. 0.073 0.080 0.08 350. 1 1.1423

324245 86907 150. 1300. 1800. 0.073 0.080 0.08 350. 1 1.1526

324245 87207 150. 1400. 3900. 0.073 0.080 0.08 350. 1 1.1185

324245 84307 150. 4000. 6000. 0.073 0.120 0.25 350. 1 1.0107

324245 87507 150. 2500. 6000. 0.073 0.120 0.25 350. 1 0.9593

324245 86921 150. 1300. 1700. 0.073 0.080 0.08 350. 1 1.1057

324245 80521 150. 1300. 1700. 0.073 0.080 0.08 350. 1 1.1057

324245 85224 150. 1400. 3600. 0.073 0.080 0.08 350. 1 1.0885

324245 84923 150. 2500. 5500. 0.073 0.120 0.25 350. 1 0.8723

324245 83123 150. 1300. 1700. 0.073 0.080 0.08 350. 1 1.1109

324245 83423 150. 1300. 1700. 0.073 0.080 0.08 350. 1 1.1057

324245 85222 150. 1400. 3600. 0.073 0.080 0.08 350. 1 1.0885

324245 84921 150. 2500. 5500. 0.073 0.120 0.25 350. 1 0.8723

324245 84321 150. 4000. 5500. 0.073 0.120 0.25 350. 1 0.9002

321833 86067 150. 1200. 3500. 0.073 0.080 0.08 350. 1 1.2390

321833 82566 150. 1300. 4000. 0.073 0.080 0.08 350. 1 1.2860

321833 82567 150. 1200. 3500. 0.073 0.080 0.08 350. 1 1.2083

321833 82437 150. 1300. 4000. 0.073 0.080 0.08 350. 1 1.2083

321833 82827 150. 1200. 4000. 0.073 0.080 0.08 350. 1 1.2083

321833 82437 150. 1300. 4000. 0.073 0.080 0.08 350. 1 1.2083

321833 85206 150. 1400. 3600. 0.073 0.080 0.08 350. 1 1.0885

321833 83406 150. 1300. 1700. 0.073 0.080 0.08 350. 1 1.1109

321833 85506 150. 1300. 1500. 0.073 0.080 0.08 350. 1 1.0966

321833 83107 150. 1300. 1700. 0.073 0.080 0.08 350. 1 1.1109

321833 83407 150. 1300. 1700. 0.073 0.080 0.08 350. 1 1.1057

321833 85207 150. 1400. 3600. 0.073 0.080 0.08 350. 1 1.0885

321833 84607 150. 2500. 5500. 0.073 0.120 0.25 350. 1 0.8723

321833 84007 150. 4000. 5500. 0.073 0.120 0.25 350. 1 0.8911

321833 85221 150. 1400. 3600. 0.073 0.080 0.08 350. 1 1.0481

321833 84621 150. 2500. 4500. 0.073 0.120 0.25 350. 1 0.8000

321833 84022 150. 4000. 4000. 0.073 0.120 0.25 350. 1 0.7902

000000 83706 150. 4000. 4000. 0.073 0.120 0.25 350. 1 0.7902

320674 73730 150. 1200. 4000. 0.073 0.080 0.08 350. 1 1.2090

320674 73600 150. 1200. 4000. 0.073 0.080 0.08 350. 1 1.2090

320674 73470 150. 1200. 4000. 0.073 0.080 0.08 350. 1 1.2068

320674 73340 150. 1300. 4000. 0.073 0.080 0.08 350. 1 1.2083

320674 79008 150. 1500. 1500. 0.073 0.080 0.08 350. 1 1.0326

320674 79308 150. 1500. 1500. 0.073 0.080 0.08 350. 1 1.0326

320674 77209 150. 1300. 1700. 0.073 0.080 0.08 350. 1 1.0470

320674 78708 150. 1300. 1700. 0.073 0.080 0.08 350. 1 1.0512

320674 80207 150. 1400. 3600. 0.073 0.080 0.08 350. 1 1.0481

000000 79621 150. 4000. 4000. 0.073 0.120 0.25 350. 1 0.7902

320674 79907 150. 2500. 4500. 0.073 0.120 0.25 350. 1 0.9600

000000 83706 150. 4000. 4000. 0.073 0.120 0.25 350. 1 0.7902

320674 83707 150. 4000. 4000. 0.073 0.120 0.25 350. 1 0.7902

000000 82826 150. 1300. 4000. 0.073 0.080 0.08 350. 1 1.1710

000000 39982 150. 4700. 5700. 0.073 0.120 0.08 350. 1

318877 73729 150. 1200. 4000. 0.073 0.080 0.08 350. 1 1.0230

318877 73339 150. 1300. 4000. 0.073 0.080 0.08 350. 1 1.0230

318877 77212 150. 1300. 1700. 0.073 0.080 0.08 350. 1 1.051

318877 78711 150. 1300. 1700. 0.073 0.080 0.08 350. 1 1.0735

318877 78411 150. 1800. 3500. 0.073 0.080 0.08 350. 1 1.056

318877 78123 150. 2000. 4500. 0.073 0.120 0.25 350. 1 0.960

318877 77822 150. 4500. 4500. 0.073 0.120 0.25 350. 1 1.043

316766 78106 150. 3000. 3000. 0.073 0.100 0.20 350. 1

317484 79007 150. 1500. 1500. 0.073 0.080 0.08 350. 1 1.0230

317484 77211 150. 1300. 1700. 0.073 0.080 0.08 350. 1 1.033

317484 78707 150. 1300. 1700. 0.073 0.080 0.08 350. 1 1.051

317484 78408 150. 1800. 3500. 0.073 0.080 0.08 350. 1 1.056

316766 77821 150. 4000. 4500. 0.073 0.120 0.25 350. 1 0.818

316766 78122 150. 2500. 4000. 0.073 0.120 0.25 350. 1 0.818

316766 77821 150. 4000. 4500. 0.073 0.120 0.25 350. 1 0.818

316766 67921 150. 1600. 1600. 0.073 0.080 0.08 350. 1 0.9580 L3P

000000 67322 150. 3000. 4000. 0.073 0.120 0.25 350. 1 0.878

000000 67321 150. 1300. 3300. 0.073 0.080 0.08 350. 1 L2P

000000 76661 150. 3000. 4000. 0.073 0.120 0.25 350. 1 0.878

000000 76606 150. 3000. 3000. 0.073 0.120 0.25 350. 1 

000000 74515 150. 3000. 4000. 0.073 0.120 0.25 350. 1 0.878

000000 74515 150. 3000. 4000. 0.073 0.120 0.25 350. 1 0.878 

000000 66721 150. 3500. 5000. 0.073 0.120 0.25 350. 1

000000 58606 150. 1300. 1300. 0.073 0.080 0.08 350. 1

000000 76006 150. 3000. 3000. 0.073 0.080 0.08 350. 1

000000 66721 150. 3500. 5000. 0.073 0.120 0.25 350. 1

000000 77506 150. 3000. 4000. 0.073 0.120 0.25 350. 1 0.878 

000000 76306 150. 1300. 1300. 0.073 0.080 0.08 350. 1

000000 76606 150. 3000. 4000. 0.073 0.120 0.25 350. 1 

314527 73728 150. 1300. 4000. 0.073 0.080 0.08 350. 1

314527 52818 150. 1700. 1700. 0.073 0.080 0.08 350. 1  L4P

314527 58612 150. 1700. 1700. 0.073 0.080 0.08 350. 1 1.0170 L4M

314527 72309 150. 1600. 1600. 0.073 0.080 0.08 350. 1 0.9580 L3M

314527 64912 150. 1600. 1600. 0.073 0.080 0.08 350. 1 0.9580 L3P

314527 65810 150. 1300. 3300. 0.073 0.080 0.08 350. 1 1.0520 L2M

314527 65809 150. 1300. 3300. 0.073 0.080 0.08 350. 1 L2P

314527 65810 150. 1300. 3300. 0.073 0.080 0.08 350. 1 1.0520

314527 76608 150. 3000. 4000. 0.073 0.120 0.25 350. 1 0.878 

314527 74808 150. 3000. 3000. 0.073 0.100 0.20 350. 1 0.80 

000000 77207 150. 1300. 1600. 0.073 0.080 0.08 350. 1 0.9650 L3M

000000 76907 150. 1300. 3100. 0.073 0.080 0.08 350. 1 0.9620 L2M

000000 64911 150. 1300. 1600. 0.073 0.080 0.08 350. 1 0.9580 L3P

000000 65507 150. 1900. 2600. 0.073 0.080 0.08 350. 1 

000000 72307 150. 1300. 1600. 0.073 0.080 0.08 350. 1 0.9650 L3M

000000 64911 150. 1300. 1600. 0.073 0.080 0.08 350. 1 0.9580 L3P

000000 66721 150. 3500. 5000. 0.073 0.120 0.25 350. 1

000000 58607 150. 1600. 1600. 0.073 0.080 0.08 350. 1

000000 65807 150. 1300. 3100. 0.073 0.080 0.08 350. 1 0.9620 L2M 

000000 65507 150. 1900. 2600. 0.073 0.080 0.08 350. 1 

000000 76006 150. 2000. 2000. 0.073 0.080 0.08 350. 1 

000000 58607 150. 1600. 1600. 0.073 0.080 0.08 350. 1 

000000 75706 150. 3000. 3000. 0.073 0.080 0.08 350. 1 

000000 58607 150. 1600. 1600. 0.073 0.080 0.08 350. 1 

000000 76006 150. 3000. 3000. 0.073 0.080 0.08 350. 1

311879 74806 150. 3000. 4000. 0.073 0.120 0.25 350. 1  

311879 71707 150. 1500. 2800. 0.073 0.080 0.08 350. 1

311879 71107 150. 3000. 4000. 0.073 0.120 0.25 350. 1  

000000 66721 150. 3500. 5000. 0.073 0.120 0.25 350. 1  

000000 64906 150. 1300. 1600. 0.073 0.080 0.08 350. 1

000000 73726 150. 1200. 4000. 0.073 0.080 0.08 350. 1

000000 73336 150. 1300. 4000. 0.073 0.080 0.08 350. 1

000000 52806 150. 1700. 1700. 0.073 0.080 0.08 350. 1

000000 64906 150. 1300. 1600. 0.073 0.080 0.08 350. 1

000000 72306 150. 1300. 1600. 0.073 0.080 0.08 350. 1

000000 65506 150. 1900. 2600. 0.073 0.080 0.08 350. 1

000000 65806 150. 1300. 3100. 0.073 0.080 0.08 350. 1

000000 74206 150. 3500. 5000. 0.073 0.120 0.25 350. 1 

000000 70806 150. 3500. 5000. 0.073 0.120 0.25 350. 1 

000000 68036 150. 1300. 4000. 0.073 0.080 0.08 350. 1 1.2550 R21 

000000 52806 150. 1700. 1700. 0.073 0.080 0.08 350. 1 

000000 66723 150. 3500. 5000. 0.073 0.120 0.25 350. 1   

000000 63206 150. 3000. 3000. 0.073 0.08 0.08 350. 1  

000000 64236 150. 2000. 2000. 0.073 0.08 0.08 350. 1 

000000 66721 150. 3500. 5000. 0.073 0.120 0.25 350. 1 

000000 52806 150. 1700. 1700. 0.073 0.080 0.08 350. 1 

000000 66721 150. 3500. 5000. 0.073 0.120 0.25 350. 1 

000000 52806 150. 1600. 1600. 0.073 0.080 0.08 350. 1 

000000 66721 150. 3500. 5000. 0.073 0.120 0.25 350. 1

000000 52806 150. 1600. 1600. 0.073 0.080 0.08 350. 1 

000000 70506 150. 3400. 4700. 0.073 0.120 0.25 350. 1 

000000 63206 150. 3400. 4700. 0.073 0.120 0.25 350. 1 

000000 52806 150. 1600. 1600. 0.073 0.080 0.08 350. 1 

000000 69606 150. 3400. 4700. 0.073 0.120 0.25 350. 1

305898 66715 150. 5000. 6000. 0.073 0.120 0.25 350. 1

305898 52817 150. 1700. 1700. 0.073 0.080 0.08 350. 1

305898 58611 150. 1600. 1600. 0.073 0.080 0.08 350. 1

305898 69007 150. 1200. 1200. 0.073 0.080 0.08 350. 1

305898 69007 150. 1600. 1600. 0.073 0.080 0.08 350. 1

305898 67607 150. 1300. 1600. 0.073 0.080 0.08 350. 1

305898 67907 150. 1300. 1600. 0.073 0.080 0.08 350. 1

305898 67007 150. 1900. 2600. 0.073 0.080 0.08 350. 1

305898 67307 150. 1300. 3100. 0.073 0.080 0.08 350. 1

305898 66723 150. 3500. 5000. 0.073 0.120 0.25 350. 1

000000 66714 150. 3200. 3200. 0.073 0.120 0.25 350. 1

000000 66713 150. 3400. 4700. 0.073 0.120 0.25 350. 1

000000 66708 150. 3200. 3200. 0.073 0.120 0.25 350. 1

000000 57825 150. 1300. 2500. 0.073 0.080 0.08 350. 1

000000 66406 150. 3400. 4700. 0.073 0.120 0.25 350. 1

000000 65206 150. 3400. 4700. 0.073 0.120 0.25 350. 1

000000 54607 150. 2000. 2000. 0.073 0.080 0.08 350. 1

304292 65806 150. 1300. 3100. 0.073 0.080 0.08 350. 1

304292 65206 150. 3200. 3200. 0.073 0.120 0.25 350. 1

304292 65208 150. 3200. 3200. 0.073 0.120 0.25 350. 1

304292 65208 150. 3400. 4700. 0.073 0.120 0.25 350. 1

304292 59815 150. 2000. 2600. 0.073 0.080 0.08 350. 1

304292 62911 150. 3000. 6300. 0.073 0.120 0.25 350. 1

304292 62910 150. 2300. 5700. 0.073 0.120 0.25 350. 1

000000 59509 150. 4900. 8000. 0.073 0.080 0.25 350. 1

304292 60111 150. 1200. 3000. 0.073 0.080 0.08 350. 1

304292 62609 150. 2000. 5500. 0.073 0.120 0.25 350. 1

304292 62909 150. 3000. 6300. 0.073 0.120 0.25 350. 1

302472 61728 150. 1400. 3800. 0.073 0.080 0.08 350. 1

302472 60909 150. 1300. 1500. 0.073 0.080 0.08 350. 1

302472 61209 150. 1300. 1500. 0.073 0.080 0.08 350. 1

302472 59810 150. 2400. 2400. 0.073 0.080 0.18 350. 1

302472 60110 150. 1800. 2600. 0.073 0.080 0.18 350. 1

302472 62608 150. 2500. 6500. 0.073 0.120 0.25 350. 1

300560 57037 150. 1600. 1600. 0.073 0.080 0.08 350. 1

300560 62009 150. 1300. 1600. 0.073 0.080 0.08 350. 1

300560 62309 150. 1300. 1600. 0.073 0.080 0.08 350. 1

300560 59509 150. 4900. 8000. 0.073 0.080 0.25 350. 1

300560 60109 150. 1800. 2600. 0.073 0.080 0.18 350. 1

300560 59809 150. 2400. 2400. 0.073 0.080 0.18 350.

000000 54398 150. 1300. 2300. 0.073 0.080 0.08 350. 1

300560 59809 150. 2400. 2400. 0.073 0.080 0.08 350. 1

300560 60109 150. 1800. 2600. 0.073 0.080 0.08 350. 1

300560 59509 150. 4900. 8000. 0.073 0.080 0.08 350. 1

300157 57036 150. 2000. 3400. 0.073 0.090 0.07 350. 1

300157 56136 150. 2100. 3300. 0.073 0.090 0.07 350. 1

300157 59508 150. 3800. 3800. 0.073 0.120 0.15 350. 1

299061 59553 150. 4500. 6500. 0.073 0.120 0.15 350. 1

299061 64908 150. 4500. 6500. 0.073 0.120 0.15 350. 1

299061 64907 150. 4000. 6200. 0.073 0.120 0.15 350. 1

299061 56135 150. 1900. 1900. 0.073 0.090 0.07 350. 1

299061 57035 150. 1900. 1900. 0.073 0.090 0.07 350. 1

299061 56135 150. 1900. 1900. 0.073 0.090 0.07 350. 1

297503 57034 150. 1900. 1900. 0.073 0.090 0.07 350. 1

297503 56134 150. 1900. 1900. 0.073 0.090 0.07 350. 1

297503 52867 150. 4000. 6200. 0.073 0.120 0.15 350. 1

297057 58119 150. 1300. 2300. 0.073 0.080 0.08 350. 1

297057 58079 150. 1300. 2300. 0.073 0.080 0.08 350. 1

297057 57949 150. 1300. 2300. 0.073 0.080 0.08 350. 1

297057 57819 150. 1300. 2500. 0.073 0.080 0.08 350. 1

297057 53542 150. 1400. 3000. 0.073 0.080 0.08 350. 1

297057 52863 150. 2800. 5300. 0.073 0.120 0.15 350. 1

297057 56133 150. 1900. 1900. 0.073 0.090 0.07 350. 1

297057 57033 150. 1750. 1750. 0.073 0.090 0.07 350. 1

297057 57032 150. 1900. 1900. 0.073 0.090 0.07 350. 1

297057 57031 150. 2800. 5300. 0.073 0.120 0.15 350. 1

303832 64626 150. 2000. 2000. 0.073 0.080 0.08 350. 0

303833 62908 150. 3300. 4800. 0.073 0.100 0.25 350. 1 

303832 63506 150. 2600. 2600. 0.073 0.080 0.08 350. 1

303832 49250 150. 1000. 1000. 0.073 0.080 0.08 350. 1

303832 59808 150. 2000. 2600. 0.073 0.080 0.08 350. 1

303832 60498 150. 1600. 3800. 0.073 0.080 0.15 350. 1

303832 60368 150. 1200. 3800. 0.073 0.080 0.15 350. 1

303832 60628 150. 1800. 3400. 0.073 0.080 0.08 350. 1

303832 60238 150. 1800. 3400. 0.073 0.080 0.08 350. 1

303832 62907 150. 3300. 4800. 0.073 0.120 0.25 350. 1 

303832 52814 150. 1700. 1700. 0.073 0.080 0.08 350. 1

303832 60908 150. 1300. 1500. 0.073 0.080 0.08 350. 1  

303832 61208 150. 1300. 1500. 0.073 0.080 0.08 350. 1  

303832 59808 150. 2000. 2600. 0.073 0.080 0.12 350. 1

303832 60108 150. 1400. 2800. 0.073 0.080 0.08 350. 1  

303832 60108 150. 1400. 2800. 0.073 0.080 0.08 350. 1  

303832 62607 150. 3100. 4600. 0.073 0.120 0.25 350. 1 

303832 62907 150. 3300. 4800. 0.073 0.120 0.25 350. 1 

302131 62659 150. 4000. 8000. 0.073 0.080 0.08 350. 1 

300636 57026 150. 1600. 1600. 0.073 0.080 0.08 350. 1

301183 61727 150. 1400. 3800. 0.073 0.080 0.08 350. 1

301183 61597 150. 1200. 3400. 0.073 0.080 0.08 350. 1

301183 61337 150. 1200. 3800. 0.073 0.080 0.08 350. 1

301183 61467 150. 1200. 3400. 0.073 0.080 0.08 350. 1

301183 61337 150. 1400. 3600. 0.073 0.080 0.08 350. 1

301183 62007 150. 1600. 1600. 0.073 0.080 0.08 350. 1 

301183 59507 150. 4000. 8000. 0.073 0.080 0.08 350. 1 

000000 52806 150. 1600. 1600. 0.073 0.080 0.08 350. 1 

301183 60626 150. 1800. 3000. 0.073 0.080 0.08 350. 1

000000 62607 150. 4000. 8000. 0.073 0.080 0.08 350. 1 

301183 60627 150. 1800. 3000. 0.073 0.080 0.08 350. 1

301183 60497 150. 1200. 3800. 0.073 0.080 0.08 350. 1

301183 60367 150. 1200. 3800. 0.073 0.080 0.08 350. 1

301183 60237 150. 1800. 3000. 0.073 0.080 0.08 350. 1

301183 59507 150. 4000. 8000. 0.073 0.080 0.08 350. 1 

000000 58607 150. 1600. 1600. 0.073 0.080 0.08 350. 1 

301183 62307 150. 1600. 1600. 0.073 0.080 0.08 350. 1 

301183 62007 150. 1600. 1600. 0.073 0.080 0.08 350. 1 

301183 59807 150. 2600. 2600. 0.073 0.080 0.08 350. 1

301183 60107 150. 2400. 2400. 0.073 0.080 0.08 350. 1

301183 59807 150. 2600. 2600. 0.073 0.080 0.08 350. 1

301183 59552 150. 4000. 8000. 0.073 0.080 0.08 350. 1

300636 57052 150. 1600. 1600. 0.073 0.080 0.08 350. 1 

297665 57011 150. 1700. 1700. 0.073 0.080 0.08 350. 1

301183 52857 150. 4200. 8000. 0.073 0.080 0.08 350. 1

301183 52813 150. 4000. 8000. 0.073 0.080 0.08 350. 1

000000 58907 150. 2600. 3900. 0.073 0.080 0.08 350. 1

301183 52858 150. 5000. 8000. 0.073 0.080 0.08 350. 1

301183 52857 150. 4000. 8000. 0.073 0.080 0.08 350. 1

000000 52806 150. 4500. 6500. 0.073 0.080 0.08 350. 1

299380 59206 150. 2600. 3900. 0.073 0.080 0.08 350. 1

297665 58117 150. 1800. 2500. 0.073 0.080 0.08 350. 1

297665 58077 150. 1800. 2800. 0.073 0.080 0.08 350. 1

297665 57947 150. 1600. 2800. 0.073 0.080 0.08 350. 1

297665 57817 150. 1800. 2500. 0.073 0.080 0.08 350. 1

000000 58360 150. 1000. 1000. 0.000 0.000 0.00 350. 0

297665 52812 150. 5000. 9500. 0.073 0.080 0.08 350. 1

000000 52806 150. 4500. 6500. 0.073 0.080 0.08 350. 1

299380 52812 150. 4500. 6500. 0.073 0.080 0.08 350. 1

000000 52806 150. 4000. 8000. 0.073 0.080 0.08 350. 1

000000 58360 150. 1000. 1000. 0.000 0.000 0.00 350. 0

000000 49765 150. 1000. 1000. 0.000 0.000 0.00 350. 0

299380 52812 150. 4000. 8000. 0.073 0.080 0.08 350. 1

299380 52812 150. 4000. 8000. 0.073 0.080 0.08 350. 1

299380 57024 150. 2600. 3900. 0.073 0.080 0.08 350. 1

299380 56122 150. 2600. 3900. 0.073 0.080 0.08 350. 1

299380 52812 150. 4000. 8000. 0.073 0.080 0.08 350. 1

000000 52806 150. 4000. 4000. 0.073 0.080 0.08 350. 1

297665 58117 150. 1800. 2500. 0.073 0.080 0.08 350. 1

297665 58077 150. 1800. 2500. 0.073 0.080 0.08 350. 1

000000 49350 150. 1000. 1000. 0.000 0.000 0.00 350. 0

297665 57947 150. 1800. 2500. 0.073 0.080 0.08 350. 1

297665 57817 150. 1800. 2500. 0.073 0.080 0.08 350. 1

297665 52812 150. 5000. 9500. 0.073 0.080 0.08 350. 1

297665 54271 150. 1400. 3000. 0.073 0.080 0.08 350. 1

297665 53801 150. 1400. 3000. 0.073 0.080 0.08 350. 1

297665 53672 150. 1400. 3000. 0.073 0.080 0.08 350. 1

297665 53541 150. 1400. 3000. 0.073 0.080 0.08 350. 1

297665 57023 150. 1600. 1600. 0.073 0.080 0.08 350. 1

297665 56121 150. 1600. 1600. 0.073 0.080 0.08 350. 1

297665 57022 150. 1700. 1700. 0.073 0.080 0.08 350. 1

297665 56120 150. 1700. 1700. 0.073 0.080 0.08 350. 1

297665 52811 150. 5000. 9500. 0.073 0.080 0.08 350. 1

297664 54270 150. 1400. 3000. 0.073 0.080 0.08 350. 1

297664 53800 150. 1400. 3000. 0.073 0.080 0.08 350. 1

297664 53671 150. 1400. 3000. 0.073 0.080 0.08 350. 1

297664 53540 150. 1400. 3000. 0.073 0.080 0.08 350. 1

297664 52810 150. 5000. 9500. 0.073 0.080 0.08 350. 1

297664 56119 150. 1600. 1600. 0.073 0.080 0.08 350. 1

297664 56118 150. 1700. 1700. 0.073 0.080 0.08 350. 1

297664 57021 150. 1600. 1600. 0.073 0.080 0.08 350. 1

297664 57020 150. 1700. 1700. 0.073 0.080 0.08 350. 1

297664 52810 150. 5000. 9500. 0.073 0.080 0.08 350. 1

297665 54270 150. 1400. 3000. 0.073 0.080 0.08 350. 1

297665 56121 150. 1600. 1600. 0.073 0.080 0.08 350. 1

297665 56120 150. 1700. 1700. 0.073 0.080 0.08 350. 1

297665 57023 150. 1600. 1600. 0.073 0.080 0.08 350. 1

297665 57022 150. 1700. 1700. 0.073 0.080 0.08 350. 1

297664 57021 150. 1800. 1800. 0.073 0.080 0.08 350. 1

297664 57020 150. 2000. 2000. 0.073 0.080 0.08 350. 1

297664 52811 150. 5000. 9500. 0.073 0.080 0.08 350. 1

297488 52809 150. 5500. 5500. 0.073 0.080 0.08 350. 1

297488 54269 150. 1400. 2600. 0.073 0.080 0.08 350. 1

297488 53799 150. 1400. 2600. 0.073 0.080 0.08 350. 1

297488 53669 150. 1400. 2600. 0.073 0.080 0.08 350. 1

297488 53539 150. 1400. 3000. 0.073 0.080 0.08 350. 1

297488 53670 150. 1400. 2600. 0.073 0.080 0.08 350. 1

297488 53669 150. 1800. 2600. 0.073 0.080 0.08 350. 1

297488 56115 150. 1800. 1800. 0.073 0.080 0.08 350. 1

297488 56114 150. 2000. 2000. 0.073 0.080 0.08 350. 1

297488 57017 150. 1800. 1800. 0.073 0.080 0.08 350. 1

297488 57016 150. 2000. 2000. 0.073 0.080 0.08 350. 1

297488 52807 450. 5500. 5500. 0.073 0.080 0.08 350. 1

297296 52807 450. 5500. 5500. 0.073 0.080 0.08 350. 1

000000 52806 450. 2000. 2000. 0.073 0.080 0.08 350. 1

296642 57015 450. 3500. 4800. 0.073 0.080 0.08 350. 1

296116 53068 150. 1500. 1800. 0.073 0.080 0.08 350. 1

296116 54268 150. 1500. 1800. 0.073 0.080 0.08 350. 1

296116 53798 150. 1500. 1800. 0.073 0.080 0.08 350. 1

296116 53668 150. 1600. 1800. 0.073 0.080 0.08 350. 1

296116 53538 150. 1600. 1800. 0.073 0.080 0.08 350. 1

296116 57011 450. 3300. 4700. 0.073 0.080 0.08 350. 1

296116 57015 450. 3300. 4700. 0.073 0.080 0.08 350. 1

296116 57014 450. 3300. 4700. 0.073 0.080 0.08 350. 1

296116 56113 150. 1800. 1800. 0.073 0.080 0.08 350. 1

296116 57012 150. 1900. 1900. 0.073 0.080 0.08 350. 1

296116 57013 150. 1750. 1750. 0.073 0.080 0.08 350. 1

296116 56111 150. 1900. 1900. 0.073 0.080 0.08 350. 1

296116 53537 150. 1800. 1800. 0.073 0.080 0.08 350. 1

296116 57014 450. 3300. 4700. 0.073 0.080 0.08 350. 1

296116 53537 150. 1800. 1800. 0.073 0.080 0.08 350. 1

296116 57013 150. 1750. 1750. 0.073 0.080 0.08 350. 1

296116 56113 150. 1900. 1900. 0.073 0.080 0.08 350. 1

296116 53537 150. 1800. 1800. 0.073 0.080 0.08 350. 1

296116 56112 150. 1800. 1800. 0.073 0.080 0.08 350. 1

296116 56712 450. 2800. 4700. 0.073 0.080 0.08 350. 1

296116 57013 150. 1750. 1750. 0.073 0.080 0.08 350. 1

000000 52806 450. 5000. 5000. 0.073 0.080 0.08 350. 1

295463 56708 450. 3000. 4500. 0.073 0.080 0.08 350. 1

295463 56108 150. 2100. 2100. 0.073 0.080 0.08 350. 1

295463 57007 450. 4000. 4000. 0.073 0.080 0.08 350. 1

295463 57008 150. 2100. 2100. 0.073 0.080 0.08 350. 1

000000 53407 150. 2000. 2000. 0.073 0.080 0.08 350. 1

295463 55808 150. 2000. 2000. 0.073 0.080 0.08 450. 1

295463 57009 150. 5000. 5000. 0.073 0.080 0.08 450. 1

295463 56107 150. 5000. 5000. 0.073 0.080 0.08 450. 1

295463 56408 150. 1700. 1900. 0.073 0.080 0.08 350. 1

295463 57008 150. 1900. 1900. 0.073 0.080 0.08 350. 1

295463 56109 150. 2000. 2000. 0.073 0.080 0.08 350. 1

295463 56707 150. 1700. 1900. 0.073 0.080 0.08 350. 1

295463 56110 150. 2000. 2000. 0.073 0.080 0.08 350. 1

295463 56109 150. 2000. 2000. 0.073 0.080 0.08 350. 1

295463 53406 150. 6000. 6000. 0.073 0.080 0.08 450. 1

295463 56108 150. 2400. 2400. 0.073 0.080 0.08 350. 1

295463 55808 150. 6000. 6000. 0.073 0.080 0.08 450. 1

000000 53408 150. 5000. 5000. 0.073 0.080 0.08 450. 1

000000 53409 150. 3000. 3000. 0.073 0.080 0.08 350. 1

000000 53411 150. 3000. 3000. 0.073 0.080 0.08 350. 1

000000 54007 150. 2000. 2000. 0.073 0.080 0.08 350. 1

000000 55597 150. 2000. 2000. 0.073 0.080 0.08 350. 1

000000 54397 150. 2000. 2000. 0.073 0.080 0.08 350. 1

000000 52937 150. 2000. 2000. 0.073 0.080 0.08 350. 1

000000 54267 150. 2000. 2000. 0.073 0.080 0.08 350. 1

000000 54737 150. 2000. 2000. 0.073 0.080 0.08 350. 1

000000 54607 150. 2000. 2000. 0.073 0.080 0.08 350. 1

000000 55207 150. 2000. 2000. 0.073 0.080 0.08 350. 1

000000 55467 150. 2000. 2000. 0.073 0.080 0.08 350. 1

000000 55337 150. 2000. 2000. 0.073 0.080 0.08 350. 1

000000 54997 150. 2000. 2000. 0.073 0.080 0.08 350. 1

000000 54607 150. 2000. 2000. 0.073 0.080 0.08 350. 1

000000 53066 150. 2000. 2000. 0.073 0.080 0.08 350. 1

000000 53666 150. 2000. 2000. 0.073 0.080 0.08 350. 1

000000 54137 150. 2000. 2000. 0.073 0.080 0.08 350. 1

000000 54140 150. 2000. 2000. 0.073 0.080 0.08 350. 1

000000 54007 150. 2000. 2000. 0.073 0.080 0.08 350. 1

000000 53197 150. 2000. 2000. 0.073 0.080 0.08 350. 1

000000 53797 150. 2000. 2000. 0.073 0.080 0.08 350. 1

000000 53067 150. 2000. 2000. 0.073 0.080 0.08 350. 1

000000 53667 150. 2000. 2000. 0.073 0.080 0.08 350. 1

000000 53407 150. 2000. 2000. 0.073 0.080 0.08 350. 1

000000 52807 150. 2000. 2000. 0.073 0.080 0.08 350. 1

000000 52937 150. 2000. 2000. 0.073 0.080 0.08 350. 1

000000 53537 150. 2000. 2000. 0.073 0.080 0.08 350. 1


